S vector for K_3/1
  0   1  -2

S vector for K_5/1
  0   1  -2  -1  -4

S vector for K_5/2
 -1   0   1  -2  -3

S vector for K_7/1
  0   1  -2  -1  -4  -3  -6

S vector for K_7/3
 -2  -1   0   1  -2  -3  -4

S vector for K_7/5
  0   1  -2  -3  -2  -1  -4

S vector for K_9/1
  0   1  -2  -1  -4  -3  -6  -5  -8

S vector for K_9/2
  1   2   3   0  -1   0   1  -2  -3

S vector for K_9/4
 -3  -2  -1   0   1  -2  -3  -4  -5

S vector for K_11/1
  0   1  -2  -1  -4  -3  -6  -5  -8  -7 -10

S vector for K_11/4
 -3   0  -1   0   1  -2  -1  -4  -5  -2  -3

S vector for K_11/5
 -4  -3  -2  -1   0   1  -2  -3  -4  -5  -6

S vector for K_11/8
  2   3   4   1   0  -1   0   1   2  -1  -2

S vector for K_11/9
  0   1  -2  -3  -2  -1  -4  -5  -4  -3  -6

S vector for K_13/1
  0   1  -2  -1  -4  -3  -6  -5  -8  -7 -10  -9 -12

S vector for K_13/2
  3   4   5   2   1   2   3   0  -1   0   1  -2  -3

S vector for K_13/3
 -2  -1   0   1  -2  -3  -4  -3  -2  -1  -4  -5  -6

S vector for K_13/6
 -5  -4  -3  -2  -1   0   1  -2  -3  -4  -5  -6  -7

S vector for K_13/8
 -3   0  -1  -2  -1  -4  -5  -4  -3  -6  -5  -2  -3

S vector for K_13/9
  0   1  -2  -1  -4  -5  -2  -3  -2  -1  -4  -3  -6

S vector for K_15/1
  0   1  -2  -1  -4  -3  -6  -5  -8  -7 -10  -9 -12 -11 -14

S vector for K_15/7
 -6  -5  -4  -3  -2  -1   0   1  -2  -3  -4  -5  -6  -7  -8

S vector for K_15/11
  2   3   4   5   2   1   0  -1   0   1   2   3   0  -1  -2

S vector for K_15/13
  0   1  -2  -3  -2  -1  -4  -5  -4  -3  -6  -7  -6  -5  -8

S vector for K_17/1
  0   1  -2  -1  -4  -3  -6  -5  -8  -7 -10  -9 -12 -11 -14 -13 -16

S vector for K_17/2
  5   6   7   4   3   4   5   2   1   2   3   0  -1   0   1  -2  -3

S vector for K_17/4
 -1   0   1   2   3   0  -1  -2  -3  -2  -1   0   1  -2  -3  -4  -5

S vector for K_17/5
  0   1  -2  -3  -2  -1  -4  -3   0  -1  -2  -1  -4  -5  -4  -3  -6

S vector for K_17/6
 -5  -2  -3   0  -1   0   1  -2  -1  -4  -3  -6  -7  -4  -5  -2  -3

S vector for K_17/7
 -2  -1  -4  -3   0  -1   0   1  -2  -1  -4  -5  -2  -3  -4  -3  -6

S vector for K_17/8
 -7  -6  -5  -4  -3  -2  -1   0   1  -2  -3  -4  -5  -6  -7  -8  -9

S vector for K_17/14
  4   5   6   3   2   1   2   3   4   1   0  -1   0   1   2  -1  -2

S vector for K_19/1
  0   1  -2  -1  -4  -3  -6  -5  -8  -7 -10  -9 -12 -11 -14 -13 -16 -15 -18

S vector for K_19/3
 -2  -1   0   1  -2  -3  -4  -3  -2  -1  -4  -5  -6  -5  -4  -3  -6  -7  -8

S vector for K_19/4
 -1   2   1   2   3   0   1  -2  -3   0  -1   0   1  -2  -1  -4  -5  -2  -3

S vector for K_19/7
 -2  -1   2   1   0   1   2   3   0  -1   0   1  -2  -3  -4  -3   0  -1  -2

S vector for K_19/9
 -8  -7  -6  -5  -4  -3  -2  -1   0   1  -2  -3  -4  -5  -6  -7  -8  -9 -10

S vector for K_19/11
 -2  -1  -4  -5  -2  -3  -4  -3  -6  -7  -6  -5  -8  -7  -4  -5  -4  -3  -6

S vector for K_19/13
  0   1  -2  -1  -4  -3  -6  -7  -4  -5  -2  -3  -2  -1  -4  -3  -6  -5  -8

S vector for K_19/14
  4   5   6   7   8   5   4   3   2   1   2   3   4   5   6   3   2   1   0

S vector for K_19/17
  0   1  -2  -3  -2  -1  -4  -5  -4  -3  -6  -7  -6  -5  -8  -9  -8  -7 -10

S vector for K_21/1
  0   1  -2  -1  -4  -3  -6  -5  -8  -7 -10  -9 -12 -11 -14 -13 -16 -15 -18 -17 -20

S vector for K_21/2
  7   8   9   6   5   6   7   4   3   4   5   2   1   2   3   0  -1   0   1  -2  -3

S vector for K_21/5
 -4  -3  -2  -1   0   1  -2  -3  -4  -5  -6  -5  -4  -3  -2  -1  -4  -5  -6  -7  -8

S vector for K_21/10
 -9  -8  -7  -6  -5  -4  -3  -2  -1   0   1  -2  -3  -4  -5  -6  -7  -8  -9 -10 -11

S vector for K_21/13
 -1   0   3   2   1   0   1   2  -1  -2  -3  -2  -1   0  -3  -4  -3  -2   1   0  -1

S vector for K_21/17
  0   1  -2  -1  -4  -5  -2  -3  -2  -1  -4  -3  -6  -7  -4  -5  -4  -3  -6  -5  -8

S vector for K_23/1
  0   1  -2  -1  -4  -3  -6  -5  -8  -7 -10  -9 -12 -11 -14 -13 -16 -15 -18 -17 -20 -19 -22

S vector for K_23/8
 -7  -4  -5  -2  -3   0  -1   0   1  -2  -1  -4  -3  -6  -5  -8  -9  -6  -7  -4  -5  -2  -3

S vector for K_23/10
 -5  -2  -3  -2  -1  -4  -3   0  -1   0   1  -2  -1  -4  -5  -2  -3  -4  -3  -6  -7  -4  -5

S vector for K_23/11
-10  -9  -8  -7  -6  -5  -4  -3  -2  -1   0   1  -2  -3  -4  -5  -6  -7  -8  -9 -10 -11 -12

S vector for K_23/14
 -5  -2  -3   0  -1  -2  -1  -4  -3  -6  -7  -4  -5  -4  -3  -6  -5  -8  -7  -4  -5  -2  -3

S vector for K_23/16
  2   3   4   1   0   1   2  -1  -2  -3  -2   1   0  -1   0   1   2  -1  -2  -1   0  -3  -4

S vector for K_23/17
  4   5   6   7   8   9   6   5   4   3   2   1   2   3   4   5   6   7   4   3   2   1   0

S vector for K_23/18
 -1   2   1   0   1  -2  -3  -2  -1  -4  -3   0  -1  -2  -1  -4  -5  -4  -3  -6  -5  -2  -3

S vector for K_23/19
  2   3   4   5   2   1   0  -1   0   1   2   3   0  -1  -2  -3  -2  -1   0   1  -2  -3  -4

S vector for K_23/20
  6   7   8   5   4   3   4   5   6   3   2   1   2   3   4   1   0  -1   0   1   2  -1  -2

S vector for K_23/21
  0   1  -2  -3  -2  -1  -4  -5  -4  -3  -6  -7  -6  -5  -8  -9  -8  -7 -10 -11 -10  -9 -12

S vector for K_25/1
  0   1  -2  -1  -4  -3  -6  -5  -8  -7 -10  -9 -12 -11 -14 -13 -16 -15 -18 -17 -20 -19 -22 -21 -24

S vector for K_25/2
  9  10  11   8   7   8   9   6   5   6   7   4   3   4   5   2   1   2   3   0  -1   0   1  -2  -3

S vector for K_25/3
 -2  -1   0   1  -2  -3  -4  -3  -2  -1  -4  -5  -6  -5  -4  -3  -6  -7  -8  -7  -6  -5  -8  -9 -10

S vector for K_25/4
  1   2   3   4   5   2   1   0  -1   0   1   2   3   0  -1  -2  -3  -2  -1   0   1  -2  -3  -4  -5

S vector for K_25/6
 -3  -2  -1   0   1   2   3   0  -1  -2  -3  -4  -5  -4  -3  -2  -1   0   1  -2  -3  -4  -5  -6  -7

S vector for K_25/12
-11 -10  -9  -8  -7  -6  -5  -4  -3  -2  -1   0   1  -2  -3  -4  -5  -6  -7  -8  -9 -10 -11 -12 -13

S vector for K_25/14
 -5  -2  -3  -4  -3  -6  -7  -4  -5  -6  -5  -8  -9  -8  -7 -10  -9  -6  -7  -6  -5  -8  -7  -4  -5

S vector for K_25/16
 -5  -2  -3  -4  -3   0  -1  -2  -1  -4  -5  -4  -3  -6  -7  -6  -5  -8  -7  -4  -5  -6  -5  -2  -3

S vector for K_25/17
  0   1  -2  -1  -4  -3  -6  -5  -8  -9  -6  -7  -4  -5  -2  -3  -2  -1  -4  -3  -6  -5  -8  -7 -10

S vector for K_25/18
  0   3   2   3   4   1   2  -1  -2   1   0  -1   0  -3  -2   1   0   1   2  -1   0  -3  -4  -1  -2

S vector for K_27/1
  0   1  -2  -1  -4  -3  -6  -5  -8  -7 -10  -9 -12 -11 -14 -13 -16 -15 -18 -17 -20 -19 -22 -21 -24 -23 -26

S vector for K_27/4
  1   4   3   4   5   2   3   0  -1   2   1   2   3   0   1  -2  -3   0  -1   0   1  -2  -1  -4  -5  -2  -3

S vector for K_27/5
  0   1  -2  -3  -2  -1  -4  -3   0  -1  -2  -1  -4  -5  -4  -3  -6  -5  -2  -3  -4  -3  -6  -7  -6  -5  -8

S vector for K_27/8
  1   2   3   0  -1  -2  -1   0   1  -2  -3  -2  -1   2   1   0  -1   0   1  -2  -3  -4  -3  -2  -1  -4  -5

S vector for K_27/10
 -5  -4  -3   0  -1  -2  -3  -2  -1   0   1  -2  -3  -4  -3  -2  -1  -4  -5  -6  -7  -6  -5  -2  -3  -4  -5

S vector for K_27/11
 -2  -1  -4  -3  -6  -5  -2  -3   0  -1   0   1  -2  -1  -4  -3  -6  -7  -4  -5  -2  -3  -4  -3  -6  -5  -8

S vector for K_27/13
-12 -11 -10  -9  -8  -7  -6  -5  -4  -3  -2  -1   0   1  -2  -3  -4  -5  -6  -7  -8  -9 -10 -11 -12 -13 -14

S vector for K_27/20
  6   7   8   9  10  11  12   9   8   7   6   5   4   3   4   5   6   7   8   9  10   7   6   5   4   3   2

S vector for K_27/25
  0   1  -2  -3  -2  -1  -4  -5  -4  -3  -6  -7  -6  -5  -8  -9  -8  -7 -10 -11 -10  -9 -12 -13 -12 -11 -14

S vector for K_29/1
  0   1  -2  -1  -4  -3  -6  -5  -8  -7 -10  -9 -12 -11 -14 -13 -16 -15 -18 -17 -20 -19 -22 -21 -24 -23 -26 -25 -28

S vector for K_29/2
 11  12  13  10   9  10  11   8   7   8   9   6   5   6   7   4   3   4   5   2   1   2   3   0  -1   0   1  -2  -3

S vector for K_29/6
 -3   0  -1   2   1   2   3   0   1  -2  -1  -4  -5  -2  -3   0  -1   0   1  -2  -1  -4  -3  -6  -7  -4  -5  -2  -3

S vector for K_29/7
 -6  -5  -4  -3  -2  -1   0   1  -2  -3  -4  -5  -6  -7  -8  -7  -6  -5  -4  -3  -2  -1  -4  -5  -6  -7  -8  -9 -10

S vector for K_29/8
  0   3   2   1   2  -1  -2  -1   0  -3  -2   1   0   1   2  -1  -2   1   0  -1   0  -3  -4  -3  -2  -5  -4  -1  -2

S vector for K_29/9
  0   1  -2  -3  -2  -1  -4  -5  -4  -3  -6  -5  -2  -3  -4  -3   0  -1  -2  -1  -4  -5  -4  -3  -6  -7  -6  -5  -8

S vector for K_29/10
 -9  -6  -7  -4  -5  -2  -3   0  -1   0   1  -2  -1  -4  -3  -6  -5  -8  -7 -10 -11  -8  -9  -6  -7  -4  -5  -2  -3

S vector for K_29/12
 -1   0   1  -2  -3  -2  -1   2   1   0   1   2   3   0  -1   0   1  -2  -3  -4  -3   0  -1  -2  -3  -2  -1  -4  -5

S vector for K_29/13
 -4  -3  -6  -5  -2  -3  -2  -1  -4  -3   0  -1   0   1  -2  -1  -4  -5  -2  -3  -4  -3  -6  -7  -4  -5  -6  -5  -8

S vector for K_29/14
-13 -12 -11 -10  -9  -8  -7  -6  -5  -4  -3  -2  -1   0   1  -2  -3  -4  -5  -6  -7  -8  -9 -10 -11 -12 -13 -14 -15

S vector for K_29/18
 -1   0   1   4   3   2   1   0   1   2   3   0  -1  -2  -3  -2  -1   0   1  -2  -3  -4  -3  -2  -1   2   1   0  -1

S vector for K_29/24
  6   7   8   9  10   7   6   5   4   3   4   5   6   7   8   5   4   3   2   1   2   3   4   5   6   3   2   1   0

S vector for K_29/25
  0   1  -2  -1  -4  -5  -2  -3  -2  -1  -4  -3  -6  -7  -4  -5  -4  -3  -6  -5  -8  -9  -6  -7  -6  -5  -8  -7 -10

S vector for K_29/26
  8   9  10   7   6   5   6   7   8   5   4   3   4   5   6   3   2   1   2   3   4   1   0  -1   0   1   2  -1  -2

S vector for K_31/1
  0   1  -2  -1  -4  -3  -6  -5  -8  -7 -10  -9 -12 -11 -14 -13 -16 -15 -18 -17 -20 -19 -22 -21 -24 -23 -26 -25 -28 -27 -30

S vector for K_31/3
 -2  -1   0   1  -2  -3  -4  -3  -2  -1  -4  -5  -6  -5  -4  -3  -6  -7  -8  -7  -6  -5  -8  -9 -10  -9  -8  -7 -10 -11 -12

S vector for K_31/5
 -4  -3  -2  -1   0   1  -2  -3  -4  -5  -6  -5  -4  -3  -2  -1  -4  -5  -6  -7  -8  -7  -6  -5  -4  -3  -6  -7  -8  -9 -10

S vector for K_31/7
 -2  -1  -4  -3   0  -1   0   1  -2  -1  -4  -5  -2  -3  -4  -3  -6  -5  -2  -3  -2  -1  -4  -3  -6  -7  -4  -5  -6  -5  -8

S vector for K_31/9
  0   1  -2  -1  -4  -5  -2  -3  -2  -1  -4  -3  -6  -5  -2  -3   0  -1  -2  -1  -4  -3  -6  -7  -4  -5  -4  -3  -6  -5  -8

S vector for K_31/11
 -2  -1   2   1   0   1   4   3   2   3   4   5   2   1   2   3   0  -1   0   1  -2  -3  -4  -3   0  -1  -2  -1   2   1   0

S vector for K_31/12
 -5  -2  -3  -4  -3   0  -1   0   1  -2  -3  -2  -1  -4  -3   0  -1  -2  -1  -4  -5  -4  -3  -6  -7  -4  -5  -6  -5  -2  -3

S vector for K_31/15
-14 -13 -12 -11 -10  -9  -8  -7  -6  -5  -4  -3  -2  -1   0   1  -2  -3  -4  -5  -6  -7  -8  -9 -10 -11 -12 -13 -14 -15 -16

S vector for K_31/17
 -4  -3  -6  -7  -4  -5  -6  -5  -8  -9  -6  -7  -8  -7 -10 -11 -10  -9 -12 -11  -8  -9  -8  -7 -10  -9  -6  -7  -6  -5  -8

S vector for K_31/18
  0   1   2  -1  -2  -3  -2   1   0  -1  -2  -1   0  -3  -4  -5  -4  -3  -2  -5  -6  -5  -4  -1  -2  -3  -2  -1   0  -3  -4

S vector for K_31/21
  0   1  -2  -1  -4  -3  -6  -5  -8  -7 -10 -11  -8  -9  -6  -7  -4  -5  -2  -3  -2  -1  -4  -3  -6  -5  -8  -7 -10  -9 -12

S vector for K_31/23
  6   7   8   9  10  11  12  13  10   9   8   7   6   5   4   3   4   5   6   7   8   9  10  11   8   7   6   5   4   3   2

S vector for K_31/25
  0   1  -2  -1  -4  -3  -6  -7  -4  -5  -2  -3  -2  -1  -4  -3  -6  -5  -8  -9  -6  -7  -4  -5  -4  -3  -6  -5  -8  -7 -10

S vector for K_31/27
  2   3   4   5   2   1   0  -1   0   1   2   3   0  -1  -2  -3  -2  -1   0   1  -2  -3  -4  -5  -4  -3  -2  -1  -4  -5  -6

S vector for K_31/29
  0   1  -2  -3  -2  -1  -4  -5  -4  -3  -6  -7  -6  -5  -8  -9  -8  -7 -10 -11 -10  -9 -12 -13 -12 -11 -14 -15 -14 -13 -16

S vector for K_33/1
  0   1  -2  -1  -4  -3  -6  -5  -8  -7 -10  -9 -12 -11 -14 -13 -16 -15 -18 -17 -20 -19 -22 -21 -24 -23 -26 -25 -28 -27 -30 -29 -32

S vector for K_33/2
 13  14  15  12  11  12  13  10   9  10  11   8   7   8   9   6   5   6   7   4   3   4   5   2   1   2   3   0  -1   0   1  -2  -3

S vector for K_33/4
  3   4   5   6   7   4   3   2   1   2   3   4   5   2   1   0  -1   0   1   2   3   0  -1  -2  -3  -2  -1   0   1  -2  -3  -4  -5

S vector for K_33/7
 -2  -1   2   1   0   1   2   3   0  -1   0   1  -2  -3  -4  -3   0  -1  -2  -1   0   1  -2  -3  -2  -1  -4  -5  -6  -5  -2  -3  -4

S vector for K_33/8
 -5  -4  -3  -2  -1   0   1   2   3   0  -1  -2  -3  -4  -5  -6  -7  -6  -5  -4  -3  -2  -1   0   1  -2  -3  -4  -5  -6  -7  -8  -9

S vector for K_33/16
-15 -14 -13 -12 -11 -10  -9  -8  -7  -6  -5  -4  -3  -2  -1   0   1  -2  -3  -4  -5  -6  -7  -8  -9 -10 -11 -12 -13 -14 -15 -16 -17

S vector for K_33/19
 -2  -1  -4  -3  -6  -7  -4  -5  -2  -3  -4  -3  -6  -5  -8  -9  -6  -7  -6  -5  -8  -7 -10  -9  -6  -7  -4  -5  -4  -3  -6  -5  -8

S vector for K_33/20
 -7  -4  -5  -2  -3   0  -1  -2  -1  -4  -3  -6  -5  -8  -9  -6  -7  -4  -5  -4  -3  -6  -5  -8  -7 -10  -9  -6  -7  -4  -5  -2  -3

S vector for K_33/23
  2   3   4   5   2   1   0   1   2   3   0  -1  -2  -3  -2  -1   2   1   0  -1   0   1   2   3   0  -1  -2  -1   0   1  -2  -3  -4

S vector for K_33/28
  1   4   3   2   3   0  -1   0   1  -2  -1   2   1   0   1  -2  -3  -2  -1  -4  -3   0  -1  -2  -1  -4  -5  -4  -3  -6  -5  -2  -3

S vector for K_35/1
  0   1  -2  -1  -4  -3  -6  -5  -8  -7 -10  -9 -12 -11 -14 -13 -16 -15 -18 -17 -20 -19 -22 -21 -24 -23 -26 -25 -28 -27 -30 -29 -32 -31 -34

S vector for K_35/4
  3   6   5   6   7   4   5   2   1   4   3   4   5   2   3   0  -1   2   1   2   3   0   1  -2  -3   0  -1   0   1  -2  -1  -4  -5  -2  -3

S vector for K_35/12
-11  -8  -9  -6  -7  -4  -5  -2  -3   0  -1   0   1  -2  -1  -4  -3  -6  -5  -8  -7 -10  -9 -12 -13 -10 -11  -8  -9  -6  -7  -4  -5  -2  -3

S vector for K_35/13
 -4  -3  -2  -1   2   1   0  -1  -2  -1   0   1   2   3   0  -1  -2  -3  -2  -1   0   1  -2  -3  -4  -5  -6  -5  -4  -3   0  -1  -2  -3  -4

S vector for K_35/16
 -7  -4  -5  -4  -3  -6  -5  -2  -3  -2  -1  -4  -3   0  -1   0   1  -2  -1  -4  -5  -2  -3  -4  -3  -6  -7  -4  -5  -6  -5  -8  -9  -6  -7

S vector for K_35/17
-16 -15 -14 -13 -12 -11 -10  -9  -8  -7  -6  -5  -4  -3  -2  -1   0   1  -2  -3  -4  -5  -6  -7  -8  -9 -10 -11 -12 -13 -14 -15 -16 -17 -18

S vector for K_35/24
  2   3   4   1   0   1   2  -1  -2  -1   0  -3  -4  -5  -4  -1  -2  -3  -2   1   0  -1   0   1   2  -1  -2  -1   0  -3  -4  -3  -2  -5  -6

S vector for K_35/26
  8   9  10  11  12  13  14  15  16  13  12  11  10   9   8   7   6   5   6   7   8   9  10  11  12  13  14  11  10   9   8   7   6   5   4

S vector for K_35/27
 -2  -1  -4  -5  -2  -3  -4  -3  -6  -7  -6  -5  -8  -7  -4  -5  -4  -3  -6  -7  -4  -5  -6  -5  -8  -9  -8  -7 -10  -9  -6  -7  -6  -5  -8

S vector for K_35/29
  4   5   6   7   8   9   6   5   4   3   2   1   2   3   4   5   6   7   4   3   2   1   0  -1   0   1   2   3   4   5   2   1   0  -1  -2

S vector for K_35/32
 10  11  12   9   8   7   8   9  10   7   6   5   6   7   8   5   4   3   4   5   6   3   2   1   2   3   4   1   0  -1   0   1   2  -1  -2

S vector for K_35/33
  0   1  -2  -3  -2  -1  -4  -5  -4  -3  -6  -7  -6  -5  -8  -9  -8  -7 -10 -11 -10  -9 -12 -13 -12 -11 -14 -15 -14 -13 -16 -17 -16 -15 -18

S vector for K_37/1
  0   1  -2  -1  -4  -3  -6  -5  -8  -7 -10  -9 -12 -11 -14 -13 -16 -15 -18 -17 -20 -19 -22 -21 -24 -23 -26 -25 -28 -27 -30 -29 -32 -31 -34 -33 -36

S vector for K_37/2
 15  16  17  14  13  14  15  12  11  12  13  10   9  10  11   8   7   8   9   6   5   6   7   4   3   4   5   2   1   2   3   0  -1   0   1  -2  -3

S vector for K_37/3
 -2  -1   0   1  -2  -3  -4  -3  -2  -1  -4  -5  -6  -5  -4  -3  -6  -7  -8  -7  -6  -5  -8  -9 -10  -9  -8  -7 -10 -11 -12 -11 -10  -9 -12 -13 -14

S vector for K_37/5
  0   1  -2  -3  -2  -1  -4  -3   0  -1  -2  -1  -4  -5  -4  -3  -6  -5  -2  -3  -4  -3  -6  -7  -6  -5  -8  -7  -4  -5  -6  -5  -8  -9  -8  -7 -10

S vector for K_37/6
 -1   0   1   2   3   4   5   2   1   0  -1  -2  -3  -2  -1   0   1   2   3   0  -1  -2  -3  -4  -5  -4  -3  -2  -1   0   1  -2  -3  -4  -5  -6  -7

S vector for K_37/9
 -8  -7  -6  -5  -4  -3  -2  -1   0   1  -2  -3  -4  -5  -6  -7  -8  -9 -10  -9  -8  -7  -6  -5  -4  -3  -2  -1  -4  -5  -6  -7  -8  -9 -10 -11 -12

S vector for K_37/11
 -2  -1   0   1  -2  -3  -4  -5  -4  -3  -2  -1  -4  -5  -6  -5  -4  -3   0  -1  -2  -3  -4  -3  -2  -1  -4  -5  -6  -7  -6  -5  -4  -3  -6  -7  -8

S vector for K_37/15
 -2  -1  -4  -3  -6  -5  -8  -7  -4  -5  -2  -3   0  -1   0   1  -2  -1  -4  -3  -6  -5  -8  -9  -6  -7  -4  -5  -2  -3  -4  -3  -6  -5  -8  -7 -10

S vector for K_37/16
 -7  -4  -5  -2  -3  -2  -1  -4  -3  -6  -5  -2  -3   0  -1   0   1  -2  -1  -4  -3  -6  -7  -4  -5  -2  -3  -4  -3  -6  -5  -8  -9  -6  -7  -4  -5

S vector for K_37/18
-17 -16 -15 -14 -13 -12 -11 -10  -9  -8  -7  -6  -5  -4  -3  -2  -1   0   1  -2  -3  -4  -5  -6  -7  -8  -9 -10 -11 -12 -13 -14 -15 -16 -17 -18 -19

S vector for K_37/20
 -7  -4  -5  -6  -5  -8  -9  -6  -7  -8  -7 -10 -11  -8  -9 -10  -9 -12 -13 -12 -11 -14 -13 -10 -11 -10  -9 -12 -11  -8  -9  -8  -7 -10  -9  -6  -7

S vector for K_37/23
  1   2   3   4   7   6   5   4   3   2   3   4   5   6   3   2   1   0  -1   0   1   2   3   4   1   0  -1  -2  -1   0   1   2   5   4   3   2   1

S vector for K_37/24
 -7  -4  -5  -6  -5  -2  -3  -4  -3   0  -1  -2  -1  -4  -5  -4  -3  -6  -7  -6  -5  -8  -9  -8  -7 -10  -9  -6  -7  -8  -7  -4  -5  -6  -5  -2  -3

S vector for K_37/25
  0   1  -2  -1  -4  -3  -6  -5  -8  -7 -10  -9 -12 -13 -10 -11  -8  -9  -6  -7  -4  -5  -2  -3  -2  -1  -4  -3  -6  -5  -8  -7 -10  -9 -12 -11 -14

S vector for K_37/27
  2   3   0   1   4   3   4   5   2   3   0  -1   2   1   0   1  -2  -3   0  -1   0   1  -2  -1   2   1   2   3   0   1  -2  -3   0  -1  -2  -1  -4

S vector for K_37/29
 -1   0   3   2   1   0   1   2  -1  -2  -3  -2  -1   0  -3  -4  -3  -2   1   0  -1  -2  -1   0  -3  -4  -5  -4  -3  -2  -5  -6  -5  -4  -1  -2  -3

S vector for K_37/30
  4   5   6   3   2   3   4   1   0  -1   0   3   2   1   2   3   4   1   0   1   2  -1  -2  -3  -2   1   0  -1   0   1   2  -1  -2  -1   0  -3  -4

S vector for K_37/33
  0   1  -2  -1  -4  -5  -2  -3  -2  -1  -4  -3  -6  -7  -4  -5  -4  -3  -6  -5  -8  -9  -6  -7  -6  -5  -8  -7 -10 -11  -8  -9  -8  -7 -10  -9 -12

S vector for K_39/1
  0   1  -2  -1  -4  -3  -6  -5  -8  -7 -10  -9 -12 -11 -14 -13 -16 -15 -18 -17 -20 -19 -22 -21 -24 -23 -26 -25 -28 -27 -30 -29 -32 -31 -34 -33 -36 -35 -38

S vector for K_39/8
 -5  -2  -3   0  -1   2   1   2   3   0   1  -2  -1  -4  -3  -6  -7  -4  -5  -2  -3   0  -1   0   1  -2  -1  -4  -3  -6  -5  -8  -9  -6  -7  -4  -5  -2  -3

S vector for K_39/17
 -4  -3   0  -1  -2  -1   0   1  -2  -3  -2  -1   2   1   0   1   2   3   0  -1   0   1  -2  -3  -4  -3   0  -1  -2  -3  -2  -1  -4  -5  -6  -5  -2  -3  -4

S vector for K_39/19
-18 -17 -16 -15 -14 -13 -12 -11 -10  -9  -8  -7  -6  -5  -4  -3  -2  -1   0   1  -2  -3  -4  -5  -6  -7  -8  -9 -10 -11 -12 -13 -14 -15 -16 -17 -18 -19 -20

S vector for K_39/23
 -2  -1  -4  -5  -4  -3  -6  -7  -4  -5  -6  -5  -2  -3  -4  -3  -6  -7  -6  -5  -8  -9  -8  -7 -10  -9  -6  -7  -8  -7  -4  -5  -4  -3  -6  -7  -6  -5  -8

S vector for K_39/25
 -1   0   3   2   1   0   1   2   5   4   3   2   3   4   1   0  -1   0   1   2  -1  -2  -3  -2  -1   0  -3  -4  -3  -2   1   0  -1  -2  -1   0   3   2   1

S vector for K_39/28
 -2   1   0   3   2   3   4   1   2  -1   0  -3  -4  -1  -2   1   0  -1   0  -3  -2  -5  -4  -1  -2   1   0   1   2  -1   0  -3  -2  -5  -6  -3  -4  -1  -2

S vector for K_39/29
  8   9  10  11  12  13  14  15  16  17  14  13  12  11  10   9   8   7   6   5   6   7   8   9  10  11  12  13  14  15  12  11  10   9   8   7   6   5   4

S vector for K_39/32
  2   5   4   5   6   3   4   1   0   3   2   1   2  -1   0   3   2   3   4   1   2  -1  -2   1   0  -1   0  -3  -2   1   0   1   2  -1   0  -3  -4  -1  -2

S vector for K_39/34
  8   9  10  11  12   9   8   7   6   5   6   7   8   9  10   7   6   5   4   3   4   5   6   7   8   5   4   3   2   1   2   3   4   5   6   3   2   1   0

S vector for K_39/35
  2   3   4   5   2   1   0  -1   0   1   2   3   0  -1  -2  -3  -2  -1   0   1  -2  -3  -4  -5  -4  -3  -2  -1  -4  -5  -6  -7  -6  -5  -4  -3  -6  -7  -8

S vector for K_39/37
  0   1  -2  -3  -2  -1  -4  -5  -4  -3  -6  -7  -6  -5  -8  -9  -8  -7 -10 -11 -10  -9 -12 -13 -12 -11 -14 -15 -14 -13 -16 -17 -16 -15 -18 -19 -18 -17 -20

S vector for K_41/1
  0   1  -2  -1  -4  -3  -6  -5  -8  -7 -10  -9 -12 -11 -14 -13 -16 -15 -18 -17 -20 -19 -22 -21 -24 -23 -26 -25 -28 -27 -30 -29 -32 -31 -34 -33 -36 -35 -38 -37 -40

S vector for K_41/2
 17  18  19  16  15  16  17  14  13  14  15  12  11  12  13  10   9  10  11   8   7   8   9   6   5   6   7   4   3   4   5   2   1   2   3   0  -1   0   1  -2  -3

S vector for K_41/4
  5   6   7   8   9   6   5   4   3   4   5   6   7   4   3   2   1   2   3   4   5   2   1   0  -1   0   1   2   3   0  -1  -2  -3  -2  -1   0   1  -2  -3  -4  -5

S vector for K_41/5
 -4  -3  -2  -1   0   1  -2  -3  -4  -5  -6  -5  -4  -3  -2  -1  -4  -5  -6  -7  -8  -7  -6  -5  -4  -3  -6  -7  -8  -9 -10  -9  -8  -7  -6  -5  -8  -9 -10 -11 -12

S vector for K_41/6
 -1   2   1   4   3   4   5   2   3   0   1  -2  -3   0  -1   2   1   2   3   0   1  -2  -1  -4  -5  -2  -3   0  -1   0   1  -2  -1  -4  -3  -6  -7  -4  -5  -2  -3

S vector for K_41/10
 -7  -6  -5  -4  -3  -2  -1   0   1   2   3   0  -1  -2  -3  -4  -5  -6  -7  -8  -9  -8  -7  -6  -5  -4  -3  -2  -1   0   1  -2  -3  -4  -5  -6  -7  -8  -9 -10 -11

S vector for K_41/11
  2   3   0  -1   2   1   0   1  -2  -3  -2  -1  -4  -3   0  -1   0   1  -2  -1   2   1   0   1  -2  -3   0  -1  -2  -1  -4  -5  -4  -3  -6  -5  -2  -3  -2  -1  -4

S vector for K_41/13
  0   1  -2  -3  -2  -1  -4  -5  -4  -3  -6  -7  -6  -5  -8  -7  -4  -5  -6  -5  -2  -3  -4  -3   0  -1  -2  -1  -4  -5  -4  -3  -6  -7  -6  -5  -8  -9  -8  -7 -10

S vector for K_41/14
-13 -10 -11  -8  -9  -6  -7  -4  -5  -2  -3   0  -1   0   1  -2  -1  -4  -3  -6  -5  -8  -7 -10  -9 -12 -11 -14 -15 -12 -13 -10 -11  -8  -9  -6  -7  -4  -5  -2  -3

S vector for K_41/15
 -2  -1  -4  -3   0  -1   2   1   0   1  -2  -1   2   1   2   3   0   1  -2  -3   0  -1   0   1  -2  -1  -4  -5  -2  -3  -4  -3  -6  -5  -2  -3   0  -1  -2  -1  -4

S vector for K_41/17
 -4  -3  -2  -1  -4  -5  -6  -5  -4  -3   0  -1  -2  -3  -2  -1   0   1  -2  -3  -4  -3  -2  -1  -4  -5  -6  -7  -6  -5  -2  -3  -4  -5  -6  -5  -4  -3  -6  -7  -8

S vector for K_41/19
 -6  -5  -8  -7  -4  -5  -4  -3  -6  -5  -2  -3  -2  -1  -4  -3   0  -1   0   1  -2  -1  -4  -5  -2  -3  -4  -3  -6  -7  -4  -5  -6  -5  -8  -9  -6  -7  -8  -7 -10

S vector for K_41/20
-19 -18 -17 -16 -15 -14 -13 -12 -11 -10  -9  -8  -7  -6  -5  -4  -3  -2  -1   0   1  -2  -3  -4  -5  -6  -7  -8  -9 -10 -11 -12 -13 -14 -15 -16 -17 -18 -19 -20 -21

S vector for K_41/23
 -3  -2   1   0  -1  -2  -1   0  -3  -4  -5  -4  -1  -2  -3  -4  -3  -2  -5  -6  -7  -6  -5  -4  -7  -8  -7  -6  -3  -4  -5  -4  -3  -2  -5  -6  -5  -4  -1  -2  -3

S vector for K_41/25
 -3  -2   1   0  -1   0   3   2   1   0   1   2  -1  -2  -1   0  -3  -4  -5  -4  -1  -2  -3  -2  -1   0  -3  -4  -3  -2  -5  -6  -5  -4  -1  -2  -3  -2   1   0  -1

S vector for K_41/29
  0   1  -2  -3  -2  -1  -4  -3   0  -1  -2  -1  -4  -5  -4  -3  -6  -7  -4  -5  -6  -5  -2  -3  -2  -1  -4  -5  -4  -3  -6  -5  -2  -3  -4  -3  -6  -7  -6  -5  -8

S vector for K_41/32
 -3   0  -1   2   1   0   1  -2  -1  -4  -5  -2  -3  -2  -1  -4  -3  -6  -5  -2  -3   0  -1  -2  -1  -4  -3  -6  -7  -4  -5  -4  -3  -6  -5  -8  -7  -4  -5  -2  -3

S vector for K_41/33
  0   1  -2  -1  -4  -3  -6  -5  -8  -9  -6  -7  -4  -5  -2  -3  -2  -1  -4  -3  -6  -5  -8  -7 -10 -11  -8  -9  -6  -7  -4  -5  -4  -3  -6  -5  -8  -7 -10  -9 -12

S vector for K_41/34
  8   9  10  11  12  13  14  11  10   9   8   7   6   5   6   7   8   9  10  11  12   9   8   7   6   5   4   3   4   5   6   7   8   9  10   7   6   5   4   3   2

S vector for K_41/38
 12  13  14  11  10   9  10  11  12   9   8   7   8   9  10   7   6   5   6   7   8   5   4   3   4   5   6   3   2   1   2   3   4   1   0  -1   0   1   2  -1  -2

S vector for K_43/1
  0   1  -2  -1  -4  -3  -6  -5  -8  -7 -10  -9 -12 -11 -14 -13 -16 -15 -18 -17 -20 -19 -22 -21 -24 -23 -26 -25 -28 -27 -30 -29 -32 -31 -34 -33 -36 -35 -38 -37 -40 -39 -42

S vector for K_43/3
 -2  -1   0   1  -2  -3  -4  -3  -2  -1  -4  -5  -6  -5  -4  -3  -6  -7  -8  -7  -6  -5  -8  -9 -10  -9  -8  -7 -10 -11 -12 -11 -10  -9 -12 -13 -14 -13 -12 -11 -14 -15 -16

S vector for K_43/4
  5   8   7   8   9   6   7   4   3   6   5   6   7   4   5   2   1   4   3   4   5   2   3   0  -1   2   1   2   3   0   1  -2  -3   0  -1   0   1  -2  -1  -4  -5  -2  -3

S vector for K_43/7
 -6  -5  -4  -3  -2  -1   0   1  -2  -3  -4  -5  -6  -7  -8  -7  -6  -5  -4  -3  -2  -1  -4  -5  -6  -7  -8  -9 -10  -9  -8  -7  -6  -5  -4  -3  -6  -7  -8  -9 -10 -11 -12

S vector for K_43/8
  3   4   5   2   1   0   1   2   3   0  -1   0   1   4   3   2   1   2   3   0  -1  -2  -1   0   1  -2  -3  -2  -1   2   1   0  -1   0   1  -2  -3  -4  -3  -2  -1  -4  -5

S vector for K_43/10
 -3   0  -1   0   1  -2  -1   2   1   2   3   0   1  -2  -3   0  -1  -2  -1  -4  -5  -2  -3  -2  -1  -4  -3   0  -1   0   1  -2  -1  -4  -5  -2  -3  -4  -3  -6  -7  -4  -5

S vector for K_43/15
 -2  -1   2   1   0   1   4   3   2   3   6   5   4   5   6   7   4   3   4   5   2   1   2   3   0  -1   0   1  -2  -3  -4  -3   0  -1  -2  -1   2   1   0   1   4   3   2

S vector for K_43/16
 -7  -6  -5  -4  -3   0  -1  -2  -3  -4  -5  -4  -3  -2  -1   0   1  -2  -3  -4  -5  -6  -5  -4  -3  -2  -1  -4  -5  -6  -7  -8  -9  -8  -7  -6  -5  -2  -3  -4  -5  -6  -7

S vector for K_43/21
-20 -19 -18 -17 -16 -15 -14 -13 -12 -11 -10  -9  -8  -7  -6  -5  -4  -3  -2  -1   0   1  -2  -3  -4  -5  -6  -7  -8  -9 -10 -11 -12 -13 -14 -15 -16 -17 -18 -19 -20 -21 -22

S vector for K_43/23
 -6  -5  -8  -9  -6  -7  -8  -7 -10 -11  -8  -9 -10  -9 -12 -13 -10 -11 -12 -11 -14 -15 -14 -13 -16 -15 -12 -13 -12 -11 -14 -13 -10 -11 -10  -9 -12 -11  -8  -9  -8  -7 -10

S vector for K_43/24
 -7  -4  -5  -2  -3  -4  -3  -6  -5  -8  -9  -6  -7  -4  -5  -6  -5  -8  -7 -10 -11  -8  -9  -8  -7 -10  -9 -12 -11  -8  -9  -6  -7  -6  -5  -8  -7 -10  -9  -6  -7  -4  -5

S vector for K_43/25
  0   1   2   3   0  -1  -2  -3  -2  -1   2   1   0  -1  -2  -1   0   1  -2  -3  -4  -5  -4  -3  -2  -1  -4  -5  -6  -5  -4  -3   0  -1  -2  -3  -2  -1   0   1  -2  -3  -4

S vector for K_43/26
 -9  -6  -7  -4  -5  -2  -3   0  -1  -2  -1  -4  -3  -6  -5  -8  -7 -10 -11  -8  -9  -6  -7  -4  -5  -4  -3  -6  -5  -8  -7 -10  -9 -12 -11  -8  -9  -6  -7  -4  -5  -2  -3

S vector for K_43/29
  0   1  -2  -1  -4  -3  -6  -5  -8  -7 -10  -9 -12 -11 -14 -15 -12 -13 -10 -11  -8  -9  -6  -7  -4  -5  -2  -3  -2  -1  -4  -3  -6  -5  -8  -7 -10  -9 -12 -11 -14 -13 -16

S vector for K_43/30
  4   5   6   7   8   5   4   3   2   3   4   5   6   3   2   1   0  -1   0   1   2   5   4   3   2   1   2   3   4   5   6   3   2   1   0   1   2   3   4   1   0  -1  -2

S vector for K_43/31
  0   1   4   3   2   3   4   5   2   1   2   3   0  -1  -2  -1   2   1   0  -1   0   1  -2  -3  -2  -1   2   1   0   1   2   3   0  -1   0   1  -2  -3  -4  -3   0  -1  -2

S vector for K_43/32
 10  11  12  13  14  15  16  17  18  19  20  17  16  15  14  13  12  11  10   9   8   7   8   9  10  11  12  13  14  15  16  17  18  15  14  13  12  11  10   9   8   7   6

S vector for K_43/34
 -3   0  -1  -2  -1   2   1   0   1  -2  -3  -2  -1  -4  -5  -4  -3  -6  -5  -2  -3  -4  -3   0  -1  -2  -1  -4  -5  -4  -3  -6  -7  -6  -5  -8  -7  -4  -5  -6  -5  -2  -3

S vector for K_43/37
  0   1  -2  -1  -4  -3  -6  -7  -4  -5  -2  -3  -2  -1  -4  -3  -6  -5  -8  -9  -6  -7  -4  -5  -4  -3  -6  -5  -8  -7 -10 -11  -8  -9  -6  -7  -6  -5  -8  -7 -10  -9 -12

S vector for K_43/38
  3   6   5   4   5   2   1   2   3   0   1   4   3   2   3   0  -1   0   1  -2  -1   2   1   0   1  -2  -3  -2  -1  -4  -3   0  -1  -2  -1  -4  -5  -4  -3  -6  -5  -2  -3

S vector for K_43/41
  0   1  -2  -3  -2  -1  -4  -5  -4  -3  -6  -7  -6  -5  -8  -9  -8  -7 -10 -11 -10  -9 -12 -13 -12 -11 -14 -15 -14 -13 -16 -17 -16 -15 -18 -19 -18 -17 -20 -21 -20 -19 -22

S vector for K_45/1
  0   1  -2  -1  -4  -3  -6  -5  -8  -7 -10  -9 -12 -11 -14 -13 -16 -15 -18 -17 -20 -19 -22 -21 -24 -23 -26 -25 -28 -27 -30 -29 -32 -31 -34 -33 -36 -35 -38 -37 -40 -39 -42 -41 -44

S vector for K_45/2
 19  20  21  18  17  18  19  16  15  16  17  14  13  14  15  12  11  12  13  10   9  10  11   8   7   8   9   6   5   6   7   4   3   4   5   2   1   2   3   0  -1   0   1  -2  -3

S vector for K_45/7
 -2  -1  -4  -3   0  -1   0   1  -2  -1  -4  -5  -2  -3  -4  -3  -6  -5  -2  -3  -2  -1  -4  -3  -6  -7  -4  -5  -6  -5  -8  -7  -4  -5  -4  -3  -6  -5  -8  -9  -6  -7  -8  -7 -10

S vector for K_45/8
  2   5   4   3   4   1   0   1   2  -1   0   3   2   3   4   1   0   3   2   1   2  -1  -2  -1   0  -3  -2   1   0   1   2  -1  -2   1   0  -1   0  -3  -4  -3  -2  -5  -4  -1  -2

S vector for K_45/11
-10  -9  -8  -7  -6  -5  -4  -3  -2  -1   0   1  -2  -3  -4  -5  -6  -7  -8  -9 -10 -11 -12 -11 -10  -9  -8  -7  -6  -5  -4  -3  -2  -1  -4  -5  -6  -7  -8  -9 -10 -11 -12 -13 -14

S vector for K_45/13
  0   1  -2  -1  -4  -3  -6  -7  -4  -5  -2  -3  -2  -1  -4  -3  -6  -5  -8  -7  -4  -5  -2  -3   0  -1  -2  -1  -4  -3  -6  -5  -8  -9  -6  -7  -4  -5  -4  -3  -6  -5  -8  -7 -10

S vector for K_45/14
  1   2   3   0  -1  -2  -1   0   1  -2  -3  -4  -3  -2  -1  -4  -5  -4  -3   0  -1  -2  -3  -2  -1   2   1   0  -1   0   1  -2  -3  -4  -3  -2  -1  -4  -5  -6  -5  -4  -3  -6  -7

S vector for K_45/16
 -7  -6  -5  -2  -3  -4  -5  -4  -3   0  -1  -2  -3  -2  -1   0   1  -2  -3  -4  -3  -2  -1  -4  -5  -6  -5  -4  -3  -6  -7  -8  -9  -8  -7  -4  -5  -6  -7  -6  -5  -2  -3  -4  -5

S vector for K_45/19
 -2  -1  -4  -5  -4  -3  -6  -5  -2  -3  -4  -3   0  -1   0   1  -2  -3  -2  -1  -4  -3   0  -1  -2  -1  -4  -5  -4  -3  -6  -7  -4  -5  -6  -5  -2  -3  -4  -3  -6  -7  -6  -5  -8

S vector for K_45/22
-21 -20 -19 -18 -17 -16 -15 -14 -13 -12 -11 -10  -9  -8  -7  -6  -5  -4  -3  -2  -1   0   1  -2  -3  -4  -5  -6  -7  -8  -9 -10 -11 -12 -13 -14 -15 -16 -17 -18 -19 -20 -21 -22 -23

S vector for K_45/28
  1   2   3   4   5   8   7   6   5   4   3   2   3   4   5   6   7   4   3   2   1   0  -1   0   1   2   3   4   5   2   1   0  -1  -2  -1   0   1   2   3   6   5   4   3   2   1

S vector for K_45/41
  0   1  -2  -1  -4  -5  -2  -3  -2  -1  -4  -3  -6  -7  -4  -5  -4  -3  -6  -5  -8  -9  -6  -7  -6  -5  -8  -7 -10 -11  -8  -9  -8  -7 -10  -9 -12 -13 -10 -11 -10  -9 -12 -11 -14

S vector for K_47/1
  0   1  -2  -1  -4  -3  -6  -5  -8  -7 -10  -9 -12 -11 -14 -13 -16 -15 -18 -17 -20 -19 -22 -21 -24 -23 -26 -25 -28 -27 -30 -29 -32 -31 -34 -33 -36 -35 -38 -37 -40 -39 -42 -41 -44 -43 -46

S vector for K_47/5
  0   1  -2  -3  -2  -1  -4  -3   0  -1  -2  -1  -4  -5  -4  -3  -6  -5  -2  -3  -4  -3  -6  -7  -6  -5  -8  -7  -4  -5  -6  -5  -8  -9  -8  -7 -10  -9  -6  -7  -8  -7 -10 -11 -10  -9 -12

S vector for K_47/7
 -2  -1   2   1   0   1   2   3   0  -1   0   1  -2  -3  -4  -3   0  -1  -2  -1   0   1  -2  -3  -2  -1  -4  -5  -6  -5  -2  -3  -4  -3  -2  -1  -4  -5  -4  -3  -6  -7  -8  -7  -4  -5  -6

S vector for K_47/9
  0   1  -2  -3  -2  -1  -4  -5  -4  -3  -6  -5  -2  -3  -4  -3   0  -1  -2  -1  -4  -5  -4  -3  -6  -7  -6  -5  -8  -7  -4  -5  -6  -5  -2  -3  -4  -3  -6  -7  -6  -5  -8  -9  -8  -7 -10

S vector for K_47/10
 -3  -2  -1   2   1   0  -1   0   1   2   3   0  -1  -2  -1   0   1  -2  -3  -4  -5  -4  -3   0  -1  -2  -3  -2  -1   0   1  -2  -3  -4  -3  -2  -1  -4  -5  -6  -7  -6  -5  -2  -3  -4  -5

S vector for K_47/13
 -1   0   3   2   1   0   1   2  -1  -2  -3  -2  -1   0  -3  -4  -3  -2   1   0  -1   0   1   2  -1  -2  -3  -2   1   0  -1  -2  -1   0  -3  -4  -5  -4  -3  -2  -5  -6  -5  -4  -1  -2  -3

S vector for K_47/14
 -1   0   1   2   3   0  -1  -2  -3  -4  -3  -2  -1   0   1  -2  -3  -4  -5  -4  -3  -2  -1   2   1   0  -1  -2  -3  -2  -1   0   1  -2  -3  -4  -5  -6  -5  -4  -3  -2  -1  -4  -5  -6  -7

S vector for K_47/16
-15 -12 -13 -10 -11  -8  -9  -6  -7  -4  -5  -2  -3   0  -1   0   1  -2  -1  -4  -3  -6  -5  -8  -7 -10  -9 -12 -11 -14 -13 -16 -17 -14 -15 -12 -13 -10 -11  -8  -9  -6  -7  -4  -5  -2  -3

S vector for K_47/19
 -2  -1  -4  -3  -6  -5  -8  -7 -10  -9  -6  -7  -4  -5  -2  -3   0  -1   0   1  -2  -1  -4  -3  -6  -5  -8  -7 -10 -11  -8  -9  -6  -7  -4  -5  -2  -3  -4  -3  -6  -5  -8  -7 -10  -9 -12

S vector for K_47/21
 -4  -3  -6  -5  -8  -7  -4  -5  -2  -3  -2  -1  -4  -3  -6  -5  -2  -3   0  -1   0   1  -2  -1  -4  -3  -6  -7  -4  -5  -2  -3  -4  -3  -6  -5  -8  -9  -6  -7  -4  -5  -6  -5  -8  -7 -10

S vector for K_47/22
 -9  -6  -7  -6  -5  -8  -7  -4  -5  -4  -3  -6  -5  -2  -3  -2  -1  -4  -3   0  -1   0   1  -2  -1  -4  -5  -2  -3  -4  -3  -6  -7  -4  -5  -6  -5  -8  -9  -6  -7  -8  -7 -10 -11  -8  -9

S vector for K_47/23
-22 -21 -20 -19 -18 -17 -16 -15 -14 -13 -12 -11 -10  -9  -8  -7  -6  -5  -4  -3  -2  -1   0   1  -2  -3  -4  -5  -6  -7  -8  -9 -10 -11 -12 -13 -14 -15 -16 -17 -18 -19 -20 -21 -22 -23 -24

S vector for K_47/27
 -2  -1  -4  -3  -6  -5  -8  -9  -6  -7  -4  -5  -2  -3  -4  -3  -6  -5  -8  -7 -10 -11  -8  -9  -6  -7  -6  -5  -8  -7 -10  -9 -12 -11  -8  -9  -6  -7  -4  -5  -4  -3  -6  -5  -8  -7 -10

S vector for K_47/29
 -1   0  -3  -2   1   0   3   2   1   2  -1  -2   1   0   1   2  -1   0  -3  -4  -1  -2  -3  -2  -5  -4  -1  -2  -1   0  -3  -2  -5  -6  -3  -4  -3  -2  -5  -4  -1  -2   1   0  -1   0  -3

S vector for K_47/30
 -7  -4  -5  -2  -3  -4  -3  -6  -5  -2  -3   0  -1  -2  -1  -4  -3  -6  -7  -4  -5  -4  -3  -6  -5  -8  -9  -6  -7  -6  -5  -8  -7 -10  -9  -6  -7  -4  -5  -6  -5  -8  -7  -4  -5  -2  -3

S vector for K_47/32
  2   3   4   1   0   1   2  -1  -2  -1   0  -3  -4  -3  -2  -5  -6  -7  -6  -3  -4  -5  -4  -1  -2  -3  -2   1   0  -1   0   1   2  -1  -2  -1   0  -3  -4  -3  -2  -5  -6  -5  -4  -7  -8

S vector for K_47/35
 10  11  12  13  14  15  16  17  18  19  20  21  18  17  16  15  14  13  12  11  10   9   8   7   8   9  10  11  12  13  14  15  16  17  18  19  16  15  14  13  12  11  10   9   8   7   6

S vector for K_47/36
 -3   0  -1  -2  -1  -4  -5  -2  -3  -4  -3  -6  -7  -6  -5  -8  -7  -4  -5  -4  -3  -6  -5  -2  -3  -4  -3  -6  -7  -4  -5  -6  -5  -8  -9  -8  -7 -10  -9  -6  -7  -6  -5  -8  -7  -4  -5

S vector for K_47/39
  6   7   8   9  10  11  12  13  10   9   8   7   6   5   4   3   4   5   6   7   8   9  10  11   8   7   6   5   4   3   2   1   2   3   4   5   6   7   8   9   6   5   4   3   2   1   0

S vector for K_47/41
  4   5   6   7   8   9   6   5   4   3   2   1   2   3   4   5   6   7   4   3   2   1   0  -1   0   1   2   3   4   5   2   1   0  -1  -2  -3  -2  -1   0   1   2   3   0  -1  -2  -3  -4

S vector for K_47/43
  2   3   4   5   2   1   0  -1   0   1   2   3   0  -1  -2  -3  -2  -1   0   1  -2  -3  -4  -5  -4  -3  -2  -1  -4  -5  -6  -7  -6  -5  -4  -3  -6  -7  -8  -9  -8  -7  -6  -5  -8  -9 -10

S vector for K_47/44
 14  15  16  13  12  11  12  13  14  11  10   9  10  11  12   9   8   7   8   9  10   7   6   5   6   7   8   5   4   3   4   5   6   3   2   1   2   3   4   1   0  -1   0   1   2  -1  -2

S vector for K_47/45
  0   1  -2  -3  -2  -1  -4  -5  -4  -3  -6  -7  -6  -5  -8  -9  -8  -7 -10 -11 -10  -9 -12 -13 -12 -11 -14 -15 -14 -13 -16 -17 -16 -15 -18 -19 -18 -17 -20 -21 -20 -19 -22 -23 -22 -21 -24

S vector for K_49/1
  0   1  -2  -1  -4  -3  -6  -5  -8  -7 -10  -9 -12 -11 -14 -13 -16 -15 -18 -17 -20 -19 -22 -21 -24 -23 -26 -25 -28 -27 -30 -29 -32 -31 -34 -33 -36 -35 -38 -37 -40 -39 -42 -41 -44 -43 -46 -45 -48

S vector for K_49/2
 21  22  23  20  19  20  21  18  17  18  19  16  15  16  17  14  13  14  15  12  11  12  13  10   9  10  11   8   7   8   9   6   5   6   7   4   3   4   5   2   1   2   3   0  -1   0   1  -2  -3

S vector for K_49/3
 -2  -1   0   1  -2  -3  -4  -3  -2  -1  -4  -5  -6  -5  -4  -3  -6  -7  -8  -7  -6  -5  -8  -9 -10  -9  -8  -7 -10 -11 -12 -11 -10  -9 -12 -13 -14 -13 -12 -11 -14 -15 -16 -15 -14 -13 -16 -17 -18

S vector for K_49/4
  7   8   9  10  11   8   7   6   5   6   7   8   9   6   5   4   3   4   5   6   7   4   3   2   1   2   3   4   5   2   1   0  -1   0   1   2   3   0  -1  -2  -3  -2  -1   0   1  -2  -3  -4  -5

S vector for K_49/6
  1   2   3   4   5   6   7   4   3   2   1   0  -1   0   1   2   3   4   5   2   1   0  -1  -2  -3  -2  -1   0   1   2   3   0  -1  -2  -3  -4  -5  -4  -3  -2  -1   0   1  -2  -3  -4  -5  -6  -7

S vector for K_49/8
 -3  -2  -1   0   1   2   3   4   5   2   1   0  -1  -2  -3  -4  -5  -4  -3  -2  -1   0   1   2   3   0  -1  -2  -3  -4  -5  -6  -7  -6  -5  -4  -3  -2  -1   0   1  -2  -3  -4  -5  -6  -7  -8  -9

S vector for K_49/9
  0   1  -2  -1  -4  -5  -2  -3  -2  -1  -4  -3  -6  -5  -2  -3   0  -1  -2  -1  -4  -3  -6  -7  -4  -5  -4  -3  -6  -5  -8  -7  -4  -5  -2  -3  -4  -3  -6  -5  -8  -9  -6  -7  -6  -5  -8  -7 -10

S vector for K_49/10
 -7  -4  -5  -2  -3   0  -1   2   1   2   3   0   1  -2  -1  -4  -3  -6  -5  -8  -9  -6  -7  -4  -5  -2  -3   0  -1   0   1  -2  -1  -4  -3  -6  -5  -8  -7 -10 -11  -8  -9  -6  -7  -4  -5  -2  -3

S vector for K_49/11
 -2  -1  -4  -3  -6  -5  -2  -3   0  -1   0   1  -2  -1  -4  -3  -6  -7  -4  -5  -2  -3  -4  -3  -6  -5  -8  -7  -4  -5  -2  -3  -2  -1  -4  -3  -6  -5  -8  -9  -6  -7  -4  -5  -6  -5  -8  -7 -10

S vector for K_49/12
 -9  -8  -7  -6  -5  -4  -3  -2  -1   0   1   2   3   0  -1  -2  -3  -4  -5  -6  -7  -8  -9 -10 -11 -10  -9  -8  -7  -6  -5  -4  -3  -2  -1   0   1  -2  -3  -4  -5  -6  -7  -8  -9 -10 -11 -12 -13

S vector for K_49/19
 -4  -3   0  -1  -2  -3  -2  -1   2   1   0   1   2   3   0  -1  -2  -1   0   1  -2  -3  -2  -1   2   1   0  -1   0   1  -2  -3  -4  -3  -2  -1  -4  -5  -6  -5  -2  -3  -4  -5  -4  -3   0  -1  -2

S vector for K_49/20
  1   2   3   0  -1   0   1  -2  -3  -2  -1   2   1   0   1   4   3   2   3   4   5   2   1   2   3   0  -1   0   1  -2  -3  -4  -3   0  -1  -2  -1   2   1   0  -1   0   1  -2  -3  -2  -1  -4  -5

S vector for K_49/22
 -3  -2  -1  -4  -5  -4  -3   0  -1  -2  -1   0   1  -2  -3  -2  -1   2   1   0   1   2   3   0  -1   0   1  -2  -3  -4  -3   0  -1  -2  -3  -2  -1  -4  -5  -6  -5  -2  -3  -4  -5  -4  -3  -6  -7

S vector for K_49/24
-23 -22 -21 -20 -19 -18 -17 -16 -15 -14 -13 -12 -11 -10  -9  -8  -7  -6  -5  -4  -3  -2  -1   0   1  -2  -3  -4  -5  -6  -7  -8  -9 -10 -11 -12 -13 -14 -15 -16 -17 -18 -19 -20 -21 -22 -23 -24 -25

S vector for K_49/26
 -9  -6  -7  -8  -7 -10 -11  -8  -9 -10  -9 -12 -13 -10 -11 -12 -11 -14 -15 -12 -13 -14 -13 -16 -17 -16 -15 -18 -17 -14 -15 -14 -13 -16 -15 -12 -13 -12 -11 -14 -13 -10 -11 -10  -9 -12 -11  -8  -9

S vector for K_49/31
 -2  -1  -4  -5  -2  -3  -4  -3   0  -1   0   1  -2  -3   0  -1  -2  -1  -4  -5  -4  -3  -6  -5  -2  -3  -4  -3  -6  -7  -6  -5  -8  -7  -4  -5  -4  -3  -6  -7  -4  -5  -6  -5  -2  -3  -2  -1  -4

S vector for K_49/32
 -9  -6  -7  -8  -7  -4  -5  -6  -5  -2  -3  -4  -3   0  -1  -2  -1  -4  -5  -4  -3  -6  -7  -6  -5  -8  -9  -8  -7 -10 -11 -10  -9 -12 -11  -8  -9 -10  -9  -6  -7  -8  -7  -4  -5  -6  -5  -2  -3

S vector for K_49/33
  0   1  -2  -1  -4  -3  -6  -5  -8  -7 -10  -9 -12 -11 -14 -13 -16 -17 -14 -15 -12 -13 -10 -11  -8  -9  -6  -7  -4  -5  -2  -3  -2  -1  -4  -3  -6  -5  -8  -7 -10  -9 -12 -11 -14 -13 -16 -15 -18

S vector for K_49/34
  0   3   2   3   4   1   2  -1  -2   1   0   1   2  -1   0  -3  -4  -1  -2  -3  -2  -5  -4  -1  -2   1   0  -1   0  -3  -2   1   0   1   2  -1   0  -3  -4  -1  -2  -1   0  -3  -2  -5  -6  -3  -4

S vector for K_49/36
  2   5   4   5   6   3   4   7   6   7   8   5   6   3   2   5   4   3   4   1   0   3   2   1   2  -1   0   3   2   3   4   1   2   5   4   5   6   3   4   1   0   3   2   1   2  -1  -2   1   0

S vector for K_49/44
 10  11  12  13  14  11  10   9   8   7   8   9  10  11  12   9   8   7   6   5   6   7   8   9  10   7   6   5   4   3   4   5   6   7   8   5   4   3   2   1   2   3   4   5   6   3   2   1   0

