A vector for K_3/1
  0   2   0

A vector for K_5/1
  0   2   0   2   0

A vector for K_5/2
 -1  -1   1  -1  -3

A vector for K_7/1
  0   2   0   2   0   2   0

A vector for K_7/3
 -2   0   0   2   0  -2  -2

A vector for K_7/5
  0   2   0  -2  -2   0  -2

A vector for K_9/1
  0   2   0   2   0   2   0   2   0

A vector for K_9/2
  1   1   3   1  -1  -1   1  -1  -3

A vector for K_9/4
 -3  -3  -1  -1   1  -1  -3  -3  -5

A vector for K_11/1
  0   2   0   2   0   2   0   2   0   2   0

A vector for K_11/4
 -1   1  -1  -1   1  -1   1  -1  -3  -1  -3

A vector for K_11/5
 -4  -2  -2   0   0   2   0  -2  -2  -4  -4

A vector for K_11/8
  1   1   3   1  -1  -1   1   1   3   1  -1

A vector for K_11/9
  2   4   2   0   0   2   0  -2  -2   0  -2

A vector for K_13/1
  0   2   0   2   0   2   0   2   0   2   0   2   0

A vector for K_13/2
  3   3   5   3   1   1   3   1  -1  -1   1  -1  -3

A vector for K_13/3
 -2   0   0   2   0  -2  -2   0   0   2   0  -2  -2

A vector for K_13/6
 -5  -5  -3  -3  -1  -1   1  -1  -3  -3  -5  -5  -7

A vector for K_13/8
 -3  -1  -3  -3  -1  -3  -5  -5  -3  -5  -3  -1  -3

A vector for K_13/9
 -2   0  -2   0  -2  -4  -2  -4  -4  -2  -4  -2  -4

A vector for K_15/1
  0   2   0   2   0   2   0   2   0   2   0   2   0   2   0

A vector for K_15/7
 -6  -4  -4  -2  -2   0   0   2   0  -2  -2  -4  -4  -6  -6

A vector for K_15/11
  1   3   3   5   3   1   1  -1  -1   1   1   3   1  -1  -1

A vector for K_15/13
  4   6   4   2   2   4   2   0   0   2   0  -2  -2   0  -2

A vector for K_17/1
  0   2   0   2   0   2   0   2   0   2   0   2   0   2   0   2   0

A vector for K_17/2
  5   5   7   5   3   3   5   3   1   1   3   1  -1  -1   1  -1  -3

A vector for K_17/4
 -1  -1   1   1   3   1  -1  -1  -3  -3  -1  -1   1  -1  -3  -3  -5

A vector for K_17/5
  0   2   0  -2  -2   0  -2   0   2   0   0   2   0  -2  -2   0  -2

A vector for K_17/6
 -1   1  -1   1  -1  -1   1  -1   1  -1   1  -1  -3  -1  -3  -1  -3

A vector for K_17/7
 -2   0  -2   0   2   0   0   2   0   2   0  -2   0  -2  -2   0  -2

A vector for K_17/8
 -7  -7  -5  -5  -3  -3  -1  -1   1  -1  -3  -3  -5  -5  -7  -7  -9

A vector for K_17/14
  3   3   5   3   1   1   3   3   5   3   1   1   3   3   5   3   1

A vector for K_19/1
  0   2   0   2   0   2   0   2   0   2   0   2   0   2   0   2   0   2   0

A vector for K_19/3
 -2   0   0   2   0  -2  -2   0   0   2   0  -2  -2   0   0   2   0  -2  -2

A vector for K_19/4
  1   3   1   1   3   1   3   1  -1   1  -1  -1   1  -1   1  -1  -3  -1  -3

A vector for K_19/7
 -3  -1   1  -1  -1   1   1   3   1  -1  -1   1  -1  -3  -3  -1   1  -1  -1

A vector for K_19/9
 -8  -6  -6  -4  -4  -2  -2   0   0   2   0  -2  -2  -4  -4  -6  -6  -8  -8

A vector for K_19/11
 -2   0  -2  -4  -2  -4  -4  -2  -4  -6  -6  -4  -6  -4  -2  -4  -4  -2  -4

A vector for K_19/13
 -4  -2  -4  -2  -4  -2  -4  -6  -4  -6  -4  -6  -6  -4  -6  -4  -6  -4  -6

A vector for K_19/14
  3   3   5   5   7   5   3   3   1   1   3   3   5   5   7   5   3   3   1

A vector for K_19/17
  6   8   6   4   4   6   4   2   2   4   2   0   0   2   0  -2  -2   0  -2

A vector for K_21/1
  0   2   0   2   0   2   0   2   0   2   0   2   0   2   0   2   0   2   0   2   0

A vector for K_21/2
  7   7   9   7   5   5   7   5   3   3   5   3   1   1   3   1  -1  -1   1  -1  -3

A vector for K_21/5
 -4  -2  -2   0   0   2   0  -2  -2  -4  -4  -2  -2   0   0   2   0  -2  -2  -4  -4

A vector for K_21/10
 -9  -9  -7  -7  -5  -5  -3  -3  -1  -1   1  -1  -3  -3  -5  -5  -7  -7  -9  -9 -11

A vector for K_21/13
 -1   1   3   1   1  -1  -1   1  -1  -3  -3  -1  -1   1  -1  -3  -3  -1   1  -1  -1

A vector for K_21/17
  0   2   0   2   0  -2   0  -2  -2   0  -2   0  -2  -4  -2  -4  -4  -2  -4  -2  -4

A vector for K_23/1
  0   2   0   2   0   2   0   2   0   2   0   2   0   2   0   2   0   2   0   2   0   2   0

A vector for K_23/8
 -1   1  -1   1  -1   1  -1  -1   1  -1   1  -1   1  -1   1  -1  -3  -1  -3  -1  -3  -1  -3

A vector for K_23/10
 -3  -1  -3  -3  -1  -3  -1   1  -1  -1   1  -1   1  -1  -3  -1  -3  -3  -1  -3  -5  -3  -5

A vector for K_23/11
-10  -8  -8  -6  -6  -4  -4  -2  -2   0   0   2   0  -2  -2  -4  -4  -6  -6  -8  -8 -10 -10

A vector for K_23/14
 -5  -3  -5  -3  -5  -5  -3  -5  -3  -5  -7  -5  -7  -7  -5  -7  -5  -7  -5  -3  -5  -3  -5

A vector for K_23/16
  1   1   3   1  -1  -1   1  -1  -3  -3  -1   1  -1  -1   1   1   3   1  -1  -1   1  -1  -3

A vector for K_23/17
  3   5   5   7   7   9   7   5   5   3   3   1   1   3   3   5   5   7   5   3   3   1   1

A vector for K_23/18
 -1   1  -1  -1   1  -1  -3  -3  -1  -3  -1   1  -1  -1   1  -1  -3  -3  -1  -3  -1   1  -1

A vector for K_23/19
  3   5   5   7   5   3   3   1   1   3   3   5   3   1   1  -1  -1   1   1   3   1  -1  -1

A vector for K_23/20
  5   5   7   5   3   3   5   5   7   5   3   3   5   5   7   5   3   3   5   5   7   5   3

A vector for K_23/21
  8  10   8   6   6   8   6   4   4   6   4   2   2   4   2   0   0   2   0  -2  -2   0  -2

A vector for K_25/1
  0   2   0   2   0   2   0   2   0   2   0   2   0   2   0   2   0   2   0   2   0   2   0   2   0

A vector for K_25/2
  9   9  11   9   7   7   9   7   5   5   7   5   3   3   5   3   1   1   3   1  -1  -1   1  -1  -3

A vector for K_25/3
 -2   0   0   2   0  -2  -2   0   0   2   0  -2  -2   0   0   2   0  -2  -2   0   0   2   0  -2  -2

A vector for K_25/4
  1   1   3   3   5   3   1   1  -1  -1   1   1   3   1  -1  -1  -3  -3  -1  -1   1  -1  -3  -3  -5

A vector for K_25/6
 -3  -3  -1  -1   1   1   3   1  -1  -1  -3  -3  -5  -5  -3  -3  -1  -1   1  -1  -3  -3  -5  -5  -7

A vector for K_25/12
-11 -11  -9  -9  -7  -7  -5  -5  -3  -3  -1  -1   1  -1  -3  -3  -5  -5  -7  -7  -9  -9 -11 -11 -13

A vector for K_25/14
 -5  -3  -5  -5  -3  -5  -7  -5  -7  -7  -5  -7  -9  -9  -7  -9  -7  -5  -7  -7  -5  -7  -5  -3  -5

A vector for K_25/16
 -3  -1  -3  -3  -1   1  -1  -1   1  -1  -3  -3  -1  -3  -5  -5  -3  -5  -3  -1  -3  -3  -1   1  -1

A vector for K_25/17
 -6  -4  -6  -4  -6  -4  -6  -4  -6  -8  -6  -8  -6  -8  -6  -8  -8  -6  -8  -6  -8  -6  -8  -6  -8

A vector for K_25/18
 -1   1  -1  -1   1  -1   1  -1  -3  -1  -3  -3  -1  -3  -1   1  -1  -1   1  -1   1  -1  -3  -1  -3

A vector for K_27/1
  0   2   0   2   0   2   0   2   0   2   0   2   0   2   0   2   0   2   0   2   0   2   0   2   0   2   0

A vector for K_27/4
  3   5   3   3   5   3   5   3   1   3   1   1   3   1   3   1  -1   1  -1  -1   1  -1   1  -1  -3  -1  -3

A vector for K_27/5
  0   2   0  -2  -2   0  -2   0   2   0   0   2   0  -2  -2   0  -2   0   2   0   0   2   0  -2  -2   0  -2

A vector for K_27/8
  1   1   3   1  -1  -1   1   1   3   1  -1  -1   1   3   1   1  -1  -1   1  -1  -3  -3  -1  -1   1  -1  -3

A vector for K_27/10
 -3  -3  -1   1  -1  -1  -3  -3  -1  -1   1  -1  -3  -3  -1  -1   1  -1  -3  -3  -5  -5  -3  -1  -3  -3  -5

A vector for K_27/11
 -2   0  -2   0  -2   0   2   0   2   0   0   2   0   2   0   2   0  -2   0  -2   0  -2  -2   0  -2   0  -2

A vector for K_27/13
-12 -10 -10  -8  -8  -6  -6  -4  -4  -2  -2   0   0   2   0  -2  -2  -4  -4  -6  -6  -8  -8 -10 -10 -12 -12

A vector for K_27/20
  5   5   7   7   9   9  11   9   7   7   5   5   3   3   5   5   7   7   9   9  11   9   7   7   5   5   3

A vector for K_27/25
 10  12  10   8   8  10   8   6   6   8   6   4   4   6   4   2   2   4   2   0   0   2   0  -2  -2   0  -2

A vector for K_29/1
  0   2   0   2   0   2   0   2   0   2   0   2   0   2   0   2   0   2   0   2   0   2   0   2   0   2   0   2   0

A vector for K_29/2
 11  11  13  11   9   9  11   9   7   7   9   7   5   5   7   5   3   3   5   3   1   1   3   1  -1  -1   1  -1  -3

A vector for K_29/6
  1   3   1   3   1   1   3   1   3   1   3   1  -1   1  -1   1  -1  -1   1  -1   1  -1   1  -1  -3  -1  -3  -1  -3

A vector for K_29/7
 -6  -4  -4  -2  -2   0   0   2   0  -2  -2  -4  -4  -6  -6  -4  -4  -2  -2   0   0   2   0  -2  -2  -4  -4  -6  -6

A vector for K_29/8
  1   3   1   1   3   1  -1  -1   1  -1   1   3   1   1   3   1  -1   1  -1  -1   1  -1  -3  -3  -1  -3  -1   1  -1

A vector for K_29/9
  0   2   0  -2  -2   0  -2  -4  -4  -2  -4  -2   0  -2  -2   0   2   0   0   2   0  -2  -2   0  -2  -4  -4  -2  -4

A vector for K_29/10
 -1   1  -1   1  -1   1  -1   1  -1  -1   1  -1   1  -1   1  -1   1  -1   1  -1  -3  -1  -3  -1  -3  -1  -3  -1  -3

A vector for K_29/12
 -2  -2   0  -2  -4  -4  -2   0  -2  -2   0   0   2   0  -2  -2   0  -2  -4  -4  -2   0  -2  -2  -4  -4  -2  -4  -6

A vector for K_29/13
 -4  -2  -4  -2   0  -2  -2   0  -2   0   2   0   0   2   0   2   0  -2   0  -2  -2   0  -2  -4  -2  -4  -4  -2  -4

A vector for K_29/14
-13 -13 -11 -11  -9  -9  -7  -7  -5  -5  -3  -3  -1  -1   1  -1  -3  -3  -5  -5  -7  -7  -9  -9 -11 -11 -13 -13 -15

A vector for K_29/18
 -2  -2   0   2   0   0  -2  -2   0   0   2   0  -2  -2  -4  -4  -2  -2   0  -2  -4  -4  -2  -2   0   2   0   0  -2

A vector for K_29/24
  5   5   7   7   9   7   5   5   3   3   5   5   7   7   9   7   5   5   3   3   5   5   7   7   9   7   5   5   3

A vector for K_29/25
  2   4   2   4   2   0   2   0   0   2   0   2   0  -2   0  -2  -2   0  -2   0  -2  -4  -2  -4  -4  -2  -4  -2  -4

A vector for K_29/26
  7   7   9   7   5   5   7   7   9   7   5   5   7   7   9   7   5   5   7   7   9   7   5   5   7   7   9   7   5

A vector for K_31/1
  0   2   0   2   0   2   0   2   0   2   0   2   0   2   0   2   0   2   0   2   0   2   0   2   0   2   0   2   0   2   0

A vector for K_31/3
 -2   0   0   2   0  -2  -2   0   0   2   0  -2  -2   0   0   2   0  -2  -2   0   0   2   0  -2  -2   0   0   2   0  -2  -2

A vector for K_31/5
 -4  -2  -2   0   0   2   0  -2  -2  -4  -4  -2  -2   0   0   2   0  -2  -2  -4  -4  -2  -2   0   0   2   0  -2  -2  -4  -4

A vector for K_31/7
 -2   0  -2   0   2   0   0   2   0   2   0  -2   0  -2  -2   0  -2   0   2   0   0   2   0   2   0  -2   0  -2  -2   0  -2

A vector for K_31/9
  0   2   0   2   0  -2   0  -2  -2   0  -2   0  -2   0   2   0   2   0   0   2   0   2   0  -2   0  -2  -2   0  -2   0  -2

A vector for K_31/11
 -3  -1   1  -1  -1   1   3   1   1   3   3   5   3   1   1   3   1  -1  -1   1  -1  -3  -3  -1   1  -1  -1   1   3   1   1

A vector for K_31/12
 -3  -1  -3  -3  -1   1  -1  -1   1  -1  -3  -3  -1  -3  -1   1  -1  -1   1  -1  -3  -3  -1  -3  -5  -3  -5  -5  -3  -1  -3

A vector for K_31/15
-14 -12 -12 -10 -10  -8  -8  -6  -6  -4  -4  -2  -2   0   0   2   0  -2  -2  -4  -4  -6  -6  -8  -8 -10 -10 -12 -12 -14 -14

A vector for K_31/17
 -4  -2  -4  -6  -4  -6  -6  -4  -6  -8  -6  -8  -8  -6  -8 -10 -10  -8 -10  -8  -6  -8  -8  -6  -8  -6  -4  -6  -6  -4  -6

A vector for K_31/18
 -2  -2   0  -2  -4  -4  -2   0  -2  -2  -4  -4  -2  -4  -6  -6  -4  -4  -2  -4  -6  -6  -4  -2  -4  -4  -2  -2   0  -2  -4

A vector for K_31/21
 -8  -6  -8  -6  -8  -6  -8  -6  -8  -6  -8 -10  -8 -10  -8 -10  -8 -10  -8 -10 -10  -8 -10  -8 -10  -8 -10  -8 -10  -8 -10

A vector for K_31/23
  5   7   7   9   9  11  11  13  11   9   9   7   7   5   5   3   3   5   5   7   7   9   9  11   9   7   7   5   5   3   3

A vector for K_31/25
 -2   0  -2   0  -2   0  -2  -4  -2  -4  -2  -4  -4  -2  -4  -2  -4  -2  -4  -6  -4  -6  -4  -6  -6  -4  -6  -4  -6  -4  -6

A vector for K_31/27
  5   7   7   9   7   5   5   3   3   5   5   7   5   3   3   1   1   3   3   5   3   1   1  -1  -1   1   1   3   1  -1  -1

A vector for K_31/29
 12  14  12  10  10  12  10   8   8  10   8   6   6   8   6   4   4   6   4   2   2   4   2   0   0   2   0  -2  -2   0  -2

A vector for K_33/1
  0   2   0   2   0   2   0   2   0   2   0   2   0   2   0   2   0   2   0   2   0   2   0   2   0   2   0   2   0   2   0   2   0

A vector for K_33/2
 13  13  15  13  11  11  13  11   9   9  11   9   7   7   9   7   5   5   7   5   3   3   5   3   1   1   3   1  -1  -1   1  -1  -3

A vector for K_33/4
  3   3   5   5   7   5   3   3   1   1   3   3   5   3   1   1  -1  -1   1   1   3   1  -1  -1  -3  -3  -1  -1   1  -1  -3  -3  -5

A vector for K_33/7
 -3  -1   1  -1  -1   1   1   3   1  -1  -1   1  -1  -3  -3  -1   1  -1  -1   1   1   3   1  -1  -1   1  -1  -3  -3  -1   1  -1  -1

A vector for K_33/8
 -5  -5  -3  -3  -1  -1   1   1   3   1  -1  -1  -3  -3  -5  -5  -7  -7  -5  -5  -3  -3  -1  -1   1  -1  -3  -3  -5  -5  -7  -7  -9

A vector for K_33/16
-15 -15 -13 -13 -11 -11  -9  -9  -7  -7  -5  -5  -3  -3  -1  -1   1  -1  -3  -3  -5  -5  -7  -7  -9  -9 -11 -11 -13 -13 -15 -15 -17

A vector for K_33/19
 -4  -2  -4  -2  -4  -6  -4  -6  -4  -6  -6  -4  -6  -4  -6  -8  -6  -8  -8  -6  -8  -6  -8  -6  -4  -6  -4  -6  -6  -4  -6  -4  -6

A vector for K_33/20
 -7  -5  -7  -5  -7  -5  -7  -7  -5  -7  -5  -7  -5  -7  -9  -7  -9  -7  -9  -9  -7  -9  -7  -9  -7  -9  -7  -5  -7  -5  -7  -5  -7

A vector for K_33/23
 -1   1   1   3   1  -1  -1   1   1   3   1  -1  -1  -3  -3  -1   1  -1  -1  -3  -3  -1  -1   1  -1  -3  -3  -1  -1   1  -1  -3  -3

A vector for K_33/28
  1   3   1   1   3   1  -1  -1   1  -1   1   3   1   1   3   1  -1  -1   1  -1   1   3   1   1   3   1  -1  -1   1  -1   1   3   1

A vector for K_35/1
  0   2   0   2   0   2   0   2   0   2   0   2   0   2   0   2   0   2   0   2   0   2   0   2   0   2   0   2   0   2   0   2   0   2   0

A vector for K_35/4
  5   7   5   5   7   5   7   5   3   5   3   3   5   3   5   3   1   3   1   1   3   1   3   1  -1   1  -1  -1   1  -1   1  -1  -3  -1  -3

A vector for K_35/12
 -1   1  -1   1  -1   1  -1   1  -1   1  -1  -1   1  -1   1  -1   1  -1   1  -1   1  -1   1  -1  -3  -1  -3  -1  -3  -1  -3  -1  -3  -1  -3

A vector for K_35/13
 -5  -3  -3  -1   1  -1  -1  -3  -3  -1  -1   1   1   3   1  -1  -1  -3  -3  -1  -1   1  -1  -3  -3  -5  -5  -3  -3  -1   1  -1  -1  -3  -3

A vector for K_35/16
 -5  -3  -5  -5  -3  -5  -3  -1  -3  -3  -1  -3  -1   1  -1  -1   1  -1   1  -1  -3  -1  -3  -3  -1  -3  -5  -3  -5  -5  -3  -5  -7  -5  -7

A vector for K_35/17
-16 -14 -14 -12 -12 -10 -10  -8  -8  -6  -6  -4  -4  -2  -2   0   0   2   0  -2  -2  -4  -4  -6  -6  -8  -8 -10 -10 -12 -12 -14 -14 -16 -16

A vector for K_35/24
  1   1   3   1  -1  -1   1  -1  -3  -3  -1  -3  -5  -5  -3  -1  -3  -3  -1   1  -1  -1   1   1   3   1  -1  -1   1  -1  -3  -3  -1  -3  -5

A vector for K_35/26
  7   7   9   9  11  11  13  13  15  13  11  11   9   9   7   7   5   5   7   7   9   9  11  11  13  13  15  13  11  11   9   9   7   7   5

A vector for K_35/27
  0   2   0  -2   0  -2  -2   0  -2  -4  -4  -2  -4  -2   0  -2  -2   0  -2  -4  -2  -4  -4  -2  -4  -6  -6  -4  -6  -4  -2  -4  -4  -2  -4

A vector for K_35/29
  5   7   7   9   9  11   9   7   7   5   5   3   3   5   5   7   7   9   7   5   5   3   3   1   1   3   3   5   5   7   5   3   3   1   1

A vector for K_35/32
  9   9  11   9   7   7   9   9  11   9   7   7   9   9  11   9   7   7   9   9  11   9   7   7   9   9  11   9   7   7   9   9  11   9   7

A vector for K_35/33
 14  16  14  12  12  14  12  10  10  12  10   8   8  10   8   6   6   8   6   4   4   6   4   2   2   4   2   0   0   2   0  -2  -2   0  -2

A vector for K_37/1
  0   2   0   2   0   2   0   2   0   2   0   2   0   2   0   2   0   2   0   2   0   2   0   2   0   2   0   2   0   2   0   2   0   2   0   2   0

A vector for K_37/2
 15  15  17  15  13  13  15  13  11  11  13  11   9   9  11   9   7   7   9   7   5   5   7   5   3   3   5   3   1   1   3   1  -1  -1   1  -1  -3

A vector for K_37/3
 -2   0   0   2   0  -2  -2   0   0   2   0  -2  -2   0   0   2   0  -2  -2   0   0   2   0  -2  -2   0   0   2   0  -2  -2   0   0   2   0  -2  -2

A vector for K_37/5
  0   2   0  -2  -2   0  -2   0   2   0   0   2   0  -2  -2   0  -2   0   2   0   0   2   0  -2  -2   0  -2   0   2   0   0   2   0  -2  -2   0  -2

A vector for K_37/6
 -1  -1   1   1   3   3   5   3   1   1  -1  -1  -3  -3  -1  -1   1   1   3   1  -1  -1  -3  -3  -5  -5  -3  -3  -1  -1   1  -1  -3  -3  -5  -5  -7

A vector for K_37/9
 -8  -6  -6  -4  -4  -2  -2   0   0   2   0  -2  -2  -4  -4  -6  -6  -8  -8  -6  -6  -4  -4  -2  -2   0   0   2   0  -2  -2  -4  -4  -6  -6  -8  -8

A vector for K_37/11
 -2   0   0   2   0  -2  -2  -4  -4  -2  -2   0  -2  -4  -4  -2  -2   0   2   0   0  -2  -2   0   0   2   0  -2  -2  -4  -4  -2  -2   0  -2  -4  -4

A vector for K_37/15
 -2   0  -2   0  -2   0  -2   0   2   0   2   0   2   0   0   2   0   2   0   2   0   2   0  -2   0  -2   0  -2   0  -2  -2   0  -2   0  -2   0  -2

A vector for K_37/16
 -3  -1  -3  -1  -3  -3  -1  -3  -1  -3  -1   1  -1   1  -1  -1   1  -1   1  -1   1  -1  -3  -1  -3  -1  -3  -3  -1  -3  -1  -3  -5  -3  -5  -3  -5

A vector for K_37/18
-17 -17 -15 -15 -13 -13 -11 -11  -9  -9  -7  -7  -5  -5  -3  -3  -1  -1   1  -1  -3  -3  -5  -5  -7  -7  -9  -9 -11 -11 -13 -13 -15 -15 -17 -17 -19

A vector for K_37/20
 -7  -5  -7  -7  -5  -7  -9  -7  -9  -9  -7  -9 -11  -9 -11 -11  -9 -11 -13 -13 -11 -13 -11  -9 -11 -11  -9 -11  -9  -7  -9  -9  -7  -9  -7  -5  -7

A vector for K_37/23
  1   3   3   5   7   5   5   3   3   1   1   3   3   5   3   1   1  -1  -1   1   1   3   3   5   3   1   1  -1  -1   1   1   3   5   3   3   1   1

A vector for K_37/24
 -3  -1  -3  -3  -1   1  -1  -1   1   3   1   1   3   1  -1  -1   1  -1  -3  -3  -1  -3  -5  -5  -3  -5  -3  -1  -3  -3  -1   1  -1  -1   1   3   1

A vector for K_37/25
-10  -8 -10  -8 -10  -8 -10  -8 -10  -8 -10  -8 -10 -12 -10 -12 -10 -12 -10 -12 -10 -12 -10 -12 -12 -10 -12 -10 -12 -10 -12 -10 -12 -10 -12 -10 -12

A vector for K_37/27
 -1   1  -1   1   3   1   1   3   1   3   1  -1   1  -1  -1   1  -1  -3  -1  -3  -3  -1  -3  -1   1  -1  -1   1  -1   1  -1  -3  -1  -3  -3  -1  -3

A vector for K_37/29
  1   3   5   3   3   1   1   3   1  -1  -1   1   1   3   1  -1  -1   1   3   1   1  -1  -1   1  -1  -3  -3  -1  -1   1  -1  -3  -3  -1   1  -1  -1

A vector for K_37/30
  3   3   5   3   1   1   3   1  -1  -1   1   3   1   1   3   3   5   3   1   1   3   1  -1  -1   1   3   1   1   3   3   5   3   1   1   3   1  -1

A vector for K_37/33
  4   6   4   6   4   2   4   2   2   4   2   4   2   0   2   0   0   2   0   2   0  -2   0  -2  -2   0  -2   0  -2  -4  -2  -4  -4  -2  -4  -2  -4

A vector for K_39/1
  0   2   0   2   0   2   0   2   0   2   0   2   0   2   0   2   0   2   0   2   0   2   0   2   0   2   0   2   0   2   0   2   0   2   0   2   0   2   0

A vector for K_39/8
  1   3   1   3   1   3   1   1   3   1   3   1   3   1   3   1  -1   1  -1   1  -1   1  -1  -1   1  -1   1  -1   1  -1   1  -1  -3  -1  -3  -1  -3  -1  -3

A vector for K_39/17
 -5  -3  -1  -3  -3  -1  -1   1  -1  -3  -3  -1   1  -1  -1   1   1   3   1  -1  -1   1  -1  -3  -3  -1   1  -1  -1  -3  -3  -1  -3  -5  -5  -3  -1  -3  -3

A vector for K_39/19
-18 -16 -16 -14 -14 -12 -12 -10 -10  -8  -8  -6  -6  -4  -4  -2  -2   0   0   2   0  -2  -2  -4  -4  -6  -6  -8  -8 -10 -10 -12 -12 -14 -14 -16 -16 -18 -18

A vector for K_39/23
  0   2   0  -2  -2   0  -2  -4  -2  -4  -4  -2   0  -2  -2   0  -2  -4  -4  -2  -4  -6  -6  -4  -6  -4  -2  -4  -4  -2   0  -2  -2   0  -2  -4  -4  -2  -4

A vector for K_39/25
  1   3   5   3   3   1   1   3   5   3   3   1   1   3   1  -1  -1   1   1   3   1  -1  -1   1   1   3   1  -1  -1   1   3   1   1  -1  -1   1   3   1   1

A vector for K_39/28
 -3  -1  -3  -1  -3  -3  -1  -3  -1  -3  -1  -3  -5  -3  -5  -3  -5  -5  -3  -5  -3  -5  -3  -1  -3  -1  -3  -3  -1  -3  -1  -3  -1  -3  -5  -3  -5  -3  -5

A vector for K_39/29
  7   9   9  11  11  13  13  15  15  17  15  13  13  11  11   9   9   7   7   5   5   7   7   9   9  11  11  13  13  15  13  11  11   9   9   7   7   5   5

A vector for K_39/32
  1   3   1   1   3   1   3   1  -1   1  -1  -1   1  -1   1   3   1   1   3   1   3   1  -1   1  -1  -1   1  -1   1   3   1   1   3   1   3   1  -1   1  -1

A vector for K_39/34
  7   7   9   9  11   9   7   7   5   5   7   7   9   9  11   9   7   7   5   5   7   7   9   9  11   9   7   7   5   5   7   7   9   9  11   9   7   7   5

A vector for K_39/35
  7   9   9  11   9   7   7   5   5   7   7   9   7   5   5   3   3   5   5   7   5   3   3   1   1   3   3   5   3   1   1  -1  -1   1   1   3   1  -1  -1

A vector for K_39/37
 16  18  16  14  14  16  14  12  12  14  12  10  10  12  10   8   8  10   8   6   6   8   6   4   4   6   4   2   2   4   2   0   0   2   0  -2  -2   0  -2

A vector for K_41/1
  0   2   0   2   0   2   0   2   0   2   0   2   0   2   0   2   0   2   0   2   0   2   0   2   0   2   0   2   0   2   0   2   0   2   0   2   0   2   0   2   0

A vector for K_41/2
 17  17  19  17  15  15  17  15  13  13  15  13  11  11  13  11   9   9  11   9   7   7   9   7   5   5   7   5   3   3   5   3   1   1   3   1  -1  -1   1  -1  -3

A vector for K_41/4
  5   5   7   7   9   7   5   5   3   3   5   5   7   5   3   3   1   1   3   3   5   3   1   1  -1  -1   1   1   3   1  -1  -1  -3  -3  -1  -1   1  -1  -3  -3  -5

A vector for K_41/5
 -4  -2  -2   0   0   2   0  -2  -2  -4  -4  -2  -2   0   0   2   0  -2  -2  -4  -4  -2  -2   0   0   2   0  -2  -2  -4  -4  -2  -2   0   0   2   0  -2  -2  -4  -4

A vector for K_41/6
  3   5   3   5   3   3   5   3   5   3   5   3   1   3   1   3   1   1   3   1   3   1   3   1  -1   1  -1   1  -1  -1   1  -1   1  -1   1  -1  -3  -1  -3  -1  -3

A vector for K_41/10
 -7  -7  -5  -5  -3  -3  -1  -1   1   1   3   1  -1  -1  -3  -3  -5  -5  -7  -7  -9  -9  -7  -7  -5  -5  -3  -3  -1  -1   1  -1  -3  -3  -5  -5  -7  -7  -9  -9 -11

A vector for K_41/11
  1   3   1  -1   1  -1  -1   1  -1  -3  -3  -1  -3  -1   1  -1  -1   1  -1   1   3   1   1   3   1  -1   1  -1  -1   1  -1  -3  -3  -1  -3  -1   1  -1  -1   1  -1

A vector for K_41/13
  0   2   0  -2  -2   0  -2  -4  -4  -2  -4  -6  -6  -4  -6  -4  -2  -4  -4  -2   0  -2  -2   0   2   0   0   2   0  -2  -2   0  -2  -4  -4  -2  -4  -6  -6  -4  -6

A vector for K_41/14
 -1   1  -1   1  -1   1  -1   1  -1   1  -1   1  -1  -1   1  -1   1  -1   1  -1   1  -1   1  -1   1  -1   1  -1  -3  -1  -3  -1  -3  -1  -3  -1  -3  -1  -3  -1  -3

A vector for K_41/15
 -3  -1  -3  -1   1  -1   1  -1  -1   1  -1   1   3   1   1   3   1   3   1  -1   1  -1  -1   1  -1   1  -1  -3  -1  -3  -3  -1  -3  -1   1  -1   1  -1  -1   1  -1

A vector for K_41/17
 -4  -2  -2   0  -2  -4  -4  -2  -2   0   2   0   0  -2  -2   0   0   2   0  -2  -2   0   0   2   0  -2  -2  -4  -4  -2   0  -2  -2  -4  -4  -2  -2   0  -2  -4  -4

A vector for K_41/19
 -6  -4  -6  -4  -2  -4  -4  -2  -4  -2   0  -2  -2   0  -2   0   2   0   0   2   0   2   0  -2   0  -2  -2   0  -2  -4  -2  -4  -4  -2  -4  -6  -4  -6  -6  -4  -6

A vector for K_41/20
-19 -19 -17 -17 -15 -15 -13 -13 -11 -11  -9  -9  -7  -7  -5  -5  -3  -3  -1  -1   1  -1  -3  -3  -5  -5  -7  -7  -9  -9 -11 -11 -13 -13 -15 -15 -17 -17 -19 -19 -21

A vector for K_41/23
 -3  -1   1  -1  -1  -3  -3  -1  -3  -5  -5  -3  -1  -3  -3  -5  -5  -3  -5  -7  -7  -5  -5  -3  -5  -7  -7  -5  -3  -5  -5  -3  -3  -1  -3  -5  -5  -3  -1  -3  -3

A vector for K_41/25
 -3  -1   1  -1  -1   1   3   1   1  -1  -1   1  -1  -3  -3  -1  -3  -5  -5  -3  -1  -3  -3  -1  -1   1  -1  -3  -3  -1  -3  -5  -5  -3  -1  -3  -3  -1   1  -1  -1

A vector for K_41/29
  0   2   0  -2  -2   0  -2   0   2   0   0   2   0  -2  -2   0  -2  -4  -2  -4  -4  -2   0  -2  -2   0  -2  -4  -4  -2  -4  -2   0  -2  -2   0  -2  -4  -4  -2  -4

A vector for K_41/32
 -3  -1  -3  -1  -3  -3  -1  -3  -1  -3  -5  -3  -5  -5  -3  -5  -3  -5  -3  -1  -3  -1  -3  -3  -1  -3  -1  -3  -5  -3  -5  -5  -3  -5  -3  -5  -3  -1  -3  -1  -3

A vector for K_41/33
 -4  -2  -4  -2  -4  -2  -4  -2  -4  -6  -4  -6  -4  -6  -4  -6  -6  -4  -6  -4  -6  -4  -6  -4  -6  -8  -6  -8  -6  -8  -6  -8  -8  -6  -8  -6  -8  -6  -8  -6  -8

A vector for K_41/34
  7   7   9   9  11  11  13  11   9   9   7   7   5   5   7   7   9   9  11  11  13  11   9   9   7   7   5   5   7   7   9   9  11  11  13  11   9   9   7   7   5

A vector for K_41/38
 11  11  13  11   9   9  11  11  13  11   9   9  11  11  13  11   9   9  11  11  13  11   9   9  11  11  13  11   9   9  11  11  13  11   9   9  11  11  13  11   9

A vector for K_43/1
  0   2   0   2   0   2   0   2   0   2   0   2   0   2   0   2   0   2   0   2   0   2   0   2   0   2   0   2   0   2   0   2   0   2   0   2   0   2   0   2   0   2   0

A vector for K_43/3
 -2   0   0   2   0  -2  -2   0   0   2   0  -2  -2   0   0   2   0  -2  -2   0   0   2   0  -2  -2   0   0   2   0  -2  -2   0   0   2   0  -2  -2   0   0   2   0  -2  -2

A vector for K_43/4
  7   9   7   7   9   7   9   7   5   7   5   5   7   5   7   5   3   5   3   3   5   3   5   3   1   3   1   1   3   1   3   1  -1   1  -1  -1   1  -1   1  -1  -3  -1  -3

A vector for K_43/7
 -6  -4  -4  -2  -2   0   0   2   0  -2  -2  -4  -4  -6  -6  -4  -4  -2  -2   0   0   2   0  -2  -2  -4  -4  -6  -6  -4  -4  -2  -2   0   0   2   0  -2  -2  -4  -4  -6  -6

A vector for K_43/8
  3   3   5   3   1   1   3   3   5   3   1   1   3   5   3   3   1   1   3   1  -1  -1   1   1   3   1  -1  -1   1   3   1   1  -1  -1   1  -1  -3  -3  -1  -1   1  -1  -3

A vector for K_43/10
 -1   1  -1  -1   1  -1   1   3   1   1   3   1   3   1  -1   1  -1  -1   1  -1  -3  -1  -3  -3  -1  -3  -1   1  -1  -1   1  -1   1  -1  -3  -1  -3  -3  -1  -3  -5  -3  -5

A vector for K_43/15
 -3  -1   1  -1  -1   1   3   1   1   3   5   3   3   5   5   7   5   3   3   5   3   1   1   3   1  -1  -1   1  -1  -3  -3  -1   1  -1  -1   1   3   1   1   3   5   3   3

A vector for K_43/16
 -5  -5  -3  -3  -1   1  -1  -1  -3  -3  -5  -5  -3  -3  -1  -1   1  -1  -3  -3  -5  -5  -3  -3  -1  -1   1  -1  -3  -3  -5  -5  -7  -7  -5  -5  -3  -1  -3  -3  -5  -5  -7

A vector for K_43/21
-20 -18 -18 -16 -16 -14 -14 -12 -12 -10 -10  -8  -8  -6  -6  -4  -4  -2  -2   0   0   2   0  -2  -2  -4  -4  -6  -6  -8  -8 -10 -10 -12 -12 -14 -14 -16 -16 -18 -18 -20 -20

A vector for K_43/23
 -6  -4  -6  -8  -6  -8  -8  -6  -8 -10  -8 -10 -10  -8 -10 -12 -10 -12 -12 -10 -12 -14 -14 -12 -14 -12 -10 -12 -12 -10 -12 -10  -8 -10 -10  -8 -10  -8  -6  -8  -8  -6  -8

A vector for K_43/24
 -7  -5  -7  -5  -7  -7  -5  -7  -5  -7  -9  -7  -9  -7  -9  -9  -7  -9  -7  -9 -11  -9 -11 -11  -9 -11  -9 -11  -9  -7  -9  -7  -9  -9  -7  -9  -7  -9  -7  -5  -7  -5  -7

A vector for K_43/25
 -1   1   1   3   1  -1  -1  -3  -3  -1   1  -1  -1  -3  -3  -1  -1   1  -1  -3  -3  -5  -5  -3  -3  -1  -3  -5  -5  -3  -3  -1   1  -1  -1  -3  -3  -1  -1   1  -1  -3  -3

A vector for K_43/26
 -9  -7  -9  -7  -9  -7  -9  -7  -9  -9  -7  -9  -7  -9  -7  -9  -7  -9 -11  -9 -11  -9 -11  -9 -11 -11  -9 -11  -9 -11  -9 -11  -9 -11  -9  -7  -9  -7  -9  -7  -9  -7  -9

A vector for K_43/29
-12 -10 -12 -10 -12 -10 -12 -10 -12 -10 -12 -10 -12 -10 -12 -14 -12 -14 -12 -14 -12 -14 -12 -14 -12 -14 -12 -14 -14 -12 -14 -12 -14 -12 -14 -12 -14 -12 -14 -12 -14 -12 -14

A vector for K_43/30
  3   3   5   5   7   5   3   3   1   1   3   3   5   3   1   1  -1  -1   1   1   3   5   3   3   1   1   3   3   5   5   7   5   3   3   1   1   3   3   5   3   1   1  -1

A vector for K_43/31
 -1   1   3   1   1   3   3   5   3   1   1   3   1  -1  -1   1   3   1   1  -1  -1   1  -1  -3  -3  -1   1  -1  -1   1   1   3   1  -1  -1   1  -1  -3  -3  -1   1  -1  -1

A vector for K_43/32
  9   9  11  11  13  13  15  15  17  17  19  17  15  15  13  13  11  11   9   9   7   7   9   9  11  11  13  13  15  15  17  17  19  17  15  15  13  13  11  11   9   9   7

A vector for K_43/34
 -1   1  -1  -1   1   3   1   1   3   1  -1  -1   1  -1  -3  -3  -1  -3  -1   1  -1  -1   1   3   1   1   3   1  -1  -1   1  -1  -3  -3  -1  -3  -1   1  -1  -1   1   3   1

A vector for K_43/37
  0   2   0   2   0   2   0  -2   0  -2   0  -2  -2   0  -2   0  -2   0  -2  -4  -2  -4  -2  -4  -4  -2  -4  -2  -4  -2  -4  -6  -4  -6  -4  -6  -6  -4  -6  -4  -6  -4  -6

A vector for K_43/38
  3   5   3   3   5   3   1   1   3   1   3   5   3   3   5   3   1   1   3   1   3   5   3   3   5   3   1   1   3   1   3   5   3   3   5   3   1   1   3   1   3   5   3

A vector for K_43/41
 18  20  18  16  16  18  16  14  14  16  14  12  12  14  12  10  10  12  10   8   8  10   8   6   6   8   6   4   4   6   4   2   2   4   2   0   0   2   0  -2  -2   0  -2

A vector for K_45/1
  0   2   0   2   0   2   0   2   0   2   0   2   0   2   0   2   0   2   0   2   0   2   0   2   0   2   0   2   0   2   0   2   0   2   0   2   0   2   0   2   0   2   0   2   0

A vector for K_45/2
 19  19  21  19  17  17  19  17  15  15  17  15  13  13  15  13  11  11  13  11   9   9  11   9   7   7   9   7   5   5   7   5   3   3   5   3   1   1   3   1  -1  -1   1  -1  -3

A vector for K_45/7
 -2   0  -2   0   2   0   0   2   0   2   0  -2   0  -2  -2   0  -2   0   2   0   0   2   0   2   0  -2   0  -2  -2   0  -2   0   2   0   0   2   0   2   0  -2   0  -2  -2   0  -2

A vector for K_45/8
  3   5   3   3   5   3   1   1   3   1   3   5   3   3   5   3   1   3   1   1   3   1  -1  -1   1  -1   1   3   1   1   3   1  -1   1  -1  -1   1  -1  -3  -3  -1  -3  -1   1  -1

A vector for K_45/11
-10  -8  -8  -6  -6  -4  -4  -2  -2   0   0   2   0  -2  -2  -4  -4  -6  -6  -8  -8 -10 -10  -8  -8  -6  -6  -4  -4  -2  -2   0   0   2   0  -2  -2  -4  -4  -6  -6  -8  -8 -10 -10

A vector for K_45/13
  0   2   0   2   0   2   0  -2   0  -2   0  -2  -2   0  -2   0  -2   0  -2   0   2   0   2   0   2   0   0   2   0   2   0   2   0  -2   0  -2   0  -2  -2   0  -2   0  -2   0  -2

A vector for K_45/14
  1   1   3   1  -1  -1   1   1   3   1  -1  -1   1   1   3   1  -1  -1   1   3   1   1  -1  -1   1   3   1   1  -1  -1   1  -1  -3  -3  -1  -1   1  -1  -3  -3  -1  -1   1  -1  -3

A vector for K_45/16
 -3  -3  -1   1  -1  -1  -3  -3  -1   1  -1  -1  -3  -3  -1  -1   1  -1  -3  -3  -1  -1   1  -1  -3  -3  -1  -1   1  -1  -3  -3  -5  -5  -3  -1  -3  -3  -5  -5  -3  -1  -3  -3  -5

A vector for K_45/19
 -2   0  -2  -4  -4  -2  -4  -2   0  -2  -2   0   2   0   0   2   0  -2  -2   0  -2   0   2   0   0   2   0  -2  -2   0  -2  -4  -2  -4  -4  -2   0  -2  -2   0  -2  -4  -4  -2  -4

A vector for K_45/22
-21 -21 -19 -19 -17 -17 -15 -15 -13 -13 -11 -11  -9  -9  -7  -7  -5  -5  -3  -3  -1  -1   1  -1  -3  -3  -5  -5  -7  -7  -9  -9 -11 -11 -13 -13 -15 -15 -17 -17 -19 -19 -21 -21 -23

A vector for K_45/28
  0   0   2   2   4   6   4   4   2   2   0   0   2   2   4   4   6   4   2   2   0   0  -2  -2   0   0   2   2   4   2   0   0  -2  -2   0   0   2   2   4   6   4   4   2   2   0

A vector for K_45/41
  6   8   6   8   6   4   6   4   4   6   4   6   4   2   4   2   2   4   2   4   2   0   2   0   0   2   0   2   0  -2   0  -2  -2   0  -2   0  -2  -4  -2  -4  -4  -2  -4  -2  -4

A vector for K_47/1
  0   2   0   2   0   2   0   2   0   2   0   2   0   2   0   2   0   2   0   2   0   2   0   2   0   2   0   2   0   2   0   2   0   2   0   2   0   2   0   2   0   2   0   2   0   2   0

A vector for K_47/5
  0   2   0  -2  -2   0  -2   0   2   0   0   2   0  -2  -2   0  -2   0   2   0   0   2   0  -2  -2   0  -2   0   2   0   0   2   0  -2  -2   0  -2   0   2   0   0   2   0  -2  -2   0  -2

A vector for K_47/7
 -3  -1   1  -1  -1   1   1   3   1  -1  -1   1  -1  -3  -3  -1   1  -1  -1   1   1   3   1  -1  -1   1  -1  -3  -3  -1   1  -1  -1   1   1   3   1  -1  -1   1  -1  -3  -3  -1   1  -1  -1

A vector for K_47/9
  0   2   0  -2  -2   0  -2  -4  -4  -2  -4  -2   0  -2  -2   0   2   0   0   2   0  -2  -2   0  -2  -4  -4  -2  -4  -2   0  -2  -2   0   2   0   0   2   0  -2  -2   0  -2  -4  -4  -2  -4

A vector for K_47/10
 -1  -1   1   3   1   1  -1  -1   1   1   3   1  -1  -1   1   1   3   1  -1  -1  -3  -3  -1   1  -1  -1  -3  -3  -1  -1   1  -1  -3  -3  -1  -1   1  -1  -3  -3  -5  -5  -3  -1  -3  -3  -5

A vector for K_47/13
 -1   1   3   1   1  -1  -1   1  -1  -3  -3  -1  -1   1  -1  -3  -3  -1   1  -1  -1   1   1   3   1  -1  -1   1   3   1   1  -1  -1   1  -1  -3  -3  -1  -1   1  -1  -3  -3  -1   1  -1  -1

A vector for K_47/14
 -1  -1   1   1   3   1  -1  -1  -3  -3  -1  -1   1   1   3   1  -1  -1  -3  -3  -1  -1   1   3   1   1  -1  -1  -3  -3  -1  -1   1  -1  -3  -3  -5  -5  -3  -3  -1  -1   1  -1  -3  -3  -5

A vector for K_47/16
 -1   1  -1   1  -1   1  -1   1  -1   1  -1   1  -1   1  -1  -1   1  -1   1  -1   1  -1   1  -1   1  -1   1  -1   1  -1   1  -1  -3  -1  -3  -1  -3  -1  -3  -1  -3  -1  -3  -1  -3  -1  -3

A vector for K_47/19
 -2   0  -2   0  -2   0  -2   0  -2   0   2   0   2   0   2   0   2   0   0   2   0   2   0   2   0   2   0   2   0  -2   0  -2   0  -2   0  -2   0  -2  -2   0  -2   0  -2   0  -2   0  -2

A vector for K_47/21
 -4  -2  -4  -2  -4  -2   0  -2   0  -2  -2   0  -2   0  -2   0   2   0   2   0   0   2   0   2   0   2   0  -2   0  -2   0  -2  -2   0  -2   0  -2  -4  -2  -4  -2  -4  -4  -2  -4  -2  -4

A vector for K_47/22
 -7  -5  -7  -7  -5  -7  -5  -3  -5  -5  -3  -5  -3  -1  -3  -3  -1  -3  -1   1  -1  -1   1  -1   1  -1  -3  -1  -3  -3  -1  -3  -5  -3  -5  -5  -3  -5  -7  -5  -7  -7  -5  -7  -9  -7  -9

A vector for K_47/23
-22 -20 -20 -18 -18 -16 -16 -14 -14 -12 -12 -10 -10  -8  -8  -6  -6  -4  -4  -2  -2   0   0   2   0  -2  -2  -4  -4  -6  -6  -8  -8 -10 -10 -12 -12 -14 -14 -16 -16 -18 -18 -20 -20 -22 -22

A vector for K_47/27
 -6  -4  -6  -4  -6  -4  -6  -8  -6  -8  -6  -8  -6  -8  -8  -6  -8  -6  -8  -6  -8 -10  -8 -10  -8 -10 -10  -8 -10  -8 -10  -8 -10  -8  -6  -8  -6  -8  -6  -8  -8  -6  -8  -6  -8  -6  -8

A vector for K_47/29
 -3  -1  -3  -1   1  -1   1  -1  -1   1  -1  -3  -1  -3  -3  -1  -3  -1  -3  -5  -3  -5  -5  -3  -5  -3  -1  -3  -3  -1  -3  -1  -3  -5  -3  -5  -5  -3  -5  -3  -1  -3  -1  -3  -3  -1  -3

A vector for K_47/30
 -5  -3  -5  -3  -5  -5  -3  -5  -3  -1  -3  -1  -3  -3  -1  -3  -1  -3  -5  -3  -5  -5  -3  -5  -3  -5  -7  -5  -7  -7  -5  -7  -5  -7  -5  -3  -5  -3  -5  -5  -3  -5  -3  -1  -3  -1  -3

A vector for K_47/32
  1   1   3   1  -1  -1   1  -1  -3  -3  -1  -3  -5  -5  -3  -5  -7  -7  -5  -3  -5  -5  -3  -1  -3  -3  -1   1  -1  -1   1   1   3   1  -1  -1   1  -1  -3  -3  -1  -3  -5  -5  -3  -5  -7

A vector for K_47/35
  9  11  11  13  13  15  15  17  17  19  19  21  19  17  17  15  15  13  13  11  11   9   9   7   7   9   9  11  11  13  13  15  15  17  17  19  17  15  15  13  13  11  11   9   9   7   7

A vector for K_47/36
 -3  -1  -3  -3  -1  -3  -5  -3  -5  -5  -3  -5  -7  -7  -5  -7  -5  -3  -5  -5  -3  -5  -3  -1  -3  -3  -1  -3  -5  -3  -5  -5  -3  -5  -7  -7  -5  -7  -5  -3  -5  -5  -3  -5  -3  -1  -3

A vector for K_47/39
  7   9   9  11  11  13  13  15  13  11  11   9   9   7   7   5   5   7   7   9   9  11  11  13  11   9   9   7   7   5   5   3   3   5   5   7   7   9   9  11   9   7   7   5   5   3   3

A vector for K_47/41
  7   9   9  11  11  13  11   9   9   7   7   5   5   7   7   9   9  11   9   7   7   5   5   3   3   5   5   7   7   9   7   5   5   3   3   1   1   3   3   5   5   7   5   3   3   1   1

A vector for K_47/43
  9  11  11  13  11   9   9   7   7   9   9  11   9   7   7   5   5   7   7   9   7   5   5   3   3   5   5   7   5   3   3   1   1   3   3   5   3   1   1  -1  -1   1   1   3   1  -1  -1

A vector for K_47/44
 13  13  15  13  11  11  13  13  15  13  11  11  13  13  15  13  11  11  13  13  15  13  11  11  13  13  15  13  11  11  13  13  15  13  11  11  13  13  15  13  11  11  13  13  15  13  11

A vector for K_47/45
 20  22  20  18  18  20  18  16  16  18  16  14  14  16  14  12  12  14  12  10  10  12  10   8   8  10   8   6   6   8   6   4   4   6   4   2   2   4   2   0   0   2   0  -2  -2   0  -2

A vector for K_49/1
  0   2   0   2   0   2   0   2   0   2   0   2   0   2   0   2   0   2   0   2   0   2   0   2   0   2   0   2   0   2   0   2   0   2   0   2   0   2   0   2   0   2   0   2   0   2   0   2   0

A vector for K_49/2
 21  21  23  21  19  19  21  19  17  17  19  17  15  15  17  15  13  13  15  13  11  11  13  11   9   9  11   9   7   7   9   7   5   5   7   5   3   3   5   3   1   1   3   1  -1  -1   1  -1  -3

A vector for K_49/3
 -2   0   0   2   0  -2  -2   0   0   2   0  -2  -2   0   0   2   0  -2  -2   0   0   2   0  -2  -2   0   0   2   0  -2  -2   0   0   2   0  -2  -2   0   0   2   0  -2  -2   0   0   2   0  -2  -2

A vector for K_49/4
  7   7   9   9  11   9   7   7   5   5   7   7   9   7   5   5   3   3   5   5   7   5   3   3   1   1   3   3   5   3   1   1  -1  -1   1   1   3   1  -1  -1  -3  -3  -1  -1   1  -1  -3  -3  -5

A vector for K_49/6
  1   1   3   3   5   5   7   5   3   3   1   1  -1  -1   1   1   3   3   5   3   1   1  -1  -1  -3  -3  -1  -1   1   1   3   1  -1  -1  -3  -3  -5  -5  -3  -3  -1  -1   1  -1  -3  -3  -5  -5  -7

A vector for K_49/8
 -3  -3  -1  -1   1   1   3   3   5   3   1   1  -1  -1  -3  -3  -5  -5  -3  -3  -1  -1   1   1   3   1  -1  -1  -3  -3  -5  -5  -7  -7  -5  -5  -3  -3  -1  -1   1  -1  -3  -3  -5  -5  -7  -7  -9

A vector for K_49/9
  0   2   0   2   0  -2   0  -2  -2   0  -2   0  -2   0   2   0   2   0   0   2   0   2   0  -2   0  -2  -2   0  -2   0  -2   0   2   0   2   0   0   2   0   2   0  -2   0  -2  -2   0  -2   0  -2

A vector for K_49/10
  1   3   1   3   1   3   1   3   1   1   3   1   3   1   3   1   3   1   3   1  -1   1  -1   1  -1   1  -1   1  -1  -1   1  -1   1  -1   1  -1   1  -1   1  -1  -3  -1  -3  -1  -3  -1  -3  -1  -3

A vector for K_49/11
 -2   0  -2   0  -2   0   2   0   2   0   0   2   0   2   0   2   0  -2   0  -2   0  -2  -2   0  -2   0  -2   0   2   0   2   0   0   2   0   2   0   2   0  -2   0  -2   0  -2  -2   0  -2   0  -2

A vector for K_49/12
 -9  -9  -7  -7  -5  -5  -3  -3  -1  -1   1   1   3   1  -1  -1  -3  -3  -5  -5  -7  -7  -9  -9 -11 -11  -9  -9  -7  -7  -5  -5  -3  -3  -1  -1   1  -1  -3  -3  -5  -5  -7  -7  -9  -9 -11 -11 -13

A vector for K_49/19
 -3  -1   1  -1  -1  -3  -3  -1   1  -1  -1   1   1   3   1  -1  -1   1   1   3   1  -1  -1   1   3   1   1  -1  -1   1  -1  -3  -3  -1  -1   1  -1  -3  -3  -1   1  -1  -1  -3  -3  -1   1  -1  -1

A vector for K_49/20
  0   0   2   0  -2  -2   0  -2  -4  -4  -2   0  -2  -2   0   2   0   0   2   2   4   2   0   0   2   0  -2  -2   0  -2  -4  -4  -2   0  -2  -2   0   2   0   0  -2  -2   0  -2  -4  -4  -2  -4  -6

A vector for K_49/22
 -4  -4  -2  -4  -6  -6  -4  -2  -4  -4  -2  -2   0  -2  -4  -4  -2   0  -2  -2   0   0   2   0  -2  -2   0  -2  -4  -4  -2   0  -2  -2  -4  -4  -2  -4  -6  -6  -4  -2  -4  -4  -6  -6  -4  -6  -8

A vector for K_49/24
-23 -23 -21 -21 -19 -19 -17 -17 -15 -15 -13 -13 -11 -11  -9  -9  -7  -7  -5  -5  -3  -3  -1  -1   1  -1  -3  -3  -5  -5  -7  -7  -9  -9 -11 -11 -13 -13 -15 -15 -17 -17 -19 -19 -21 -21 -23 -23 -25

A vector for K_49/26
 -9  -7  -9  -9  -7  -9 -11  -9 -11 -11  -9 -11 -13 -11 -13 -13 -11 -13 -15 -13 -15 -15 -13 -15 -17 -17 -15 -17 -15 -13 -15 -15 -13 -15 -13 -11 -13 -13 -11 -13 -11  -9 -11 -11  -9 -11  -9  -7  -9

A vector for K_49/31
 -1   1  -1  -3  -1  -3  -3  -1   1  -1  -1   1  -1  -3  -1  -3  -3  -1  -3  -5  -5  -3  -5  -3  -1  -3  -3  -1  -3  -5  -5  -3  -5  -3  -1  -3  -3  -1  -3  -5  -3  -5  -5  -3  -1  -3  -3  -1  -3

A vector for K_49/32
 -3  -1  -3  -3  -1   1  -1  -1   1   3   1   1   3   5   3   3   5   3   1   1   3   1  -1  -1   1  -1  -3  -3  -1  -3  -5  -5  -3  -5  -3  -1  -3  -3  -1   1  -1  -1   1   3   1   1   3   5   3

A vector for K_49/33
-14 -12 -14 -12 -14 -12 -14 -12 -14 -12 -14 -12 -14 -12 -14 -12 -14 -16 -14 -16 -14 -16 -14 -16 -14 -16 -14 -16 -14 -16 -14 -16 -16 -14 -16 -14 -16 -14 -16 -14 -16 -14 -16 -14 -16 -14 -16 -14 -16

A vector for K_49/34
 -1   1  -1  -1   1  -1   1  -1  -3  -1  -3  -3  -1  -3  -1  -3  -5  -3  -5  -5  -3  -5  -3  -1  -3  -1  -3  -3  -1  -3  -1   1  -1  -1   1  -1   1  -1  -3  -1  -3  -3  -1  -3  -1  -3  -5  -3  -5

A vector for K_49/36
  1   3   1   1   3   1   3   5   3   3   5   3   5   3   1   3   1   1   3   1  -1   1  -1  -1   1  -1   1   3   1   1   3   1   3   5   3   3   5   3   5   3   1   3   1   1   3   1  -1   1  -1

A vector for K_49/44
  9   9  11  11  13  11   9   9   7   7   9   9  11  11  13  11   9   9   7   7   9   9  11  11  13  11   9   9   7   7   9   9  11  11  13  11   9   9   7   7   9   9  11  11  13  11   9   9   7

