Head subquiver data for K_3/1
S:


A:


Q:

Head subquiver data for K_5/1
S:


A:


Q:

Head subquiver data for K_5/2
S:
 -3

A:
 -2

Q:
  1

Head subquiver data for K_7/1
S:


A:


Q:

Head subquiver data for K_7/3
S:
  1  -2

A:
  0  -2

Q:
  1   1
  1   2

Head subquiver data for K_7/5
S:
  1  -2

A:
  0  -2

Q:
  1   1
  1   2

Head subquiver data for K_9/1
S:


A:


Q:

Head subquiver data for K_9/2
S:
 -3

A:
 -2

Q:
  1

Head subquiver data for K_9/4
S:
 -3  -2  -5

A:
 -2  -2  -4

Q:
  1   1   1
  1   2   2
  1   2   3

Head subquiver data for K_11/1
S:


A:


Q:

Head subquiver data for K_11/4
S:
 -3

A:
 -2

Q:
  1

Head subquiver data for K_11/5
S:
  1  -2  -1  -4

A:
  0  -2  -2  -4

Q:
  1   1   1   1
  1   2   2   2
  1   2   3   3
  1   2   3   4

Head subquiver data for K_11/8
S:
 -3   1   2

A:
 -2   0   0

Q:
  1   0   0
  0   1   1
  0   1   2

Head subquiver data for K_11/9
S:
  1  -2  -1  -4

A:
  0  -2  -2  -4

Q:
  1   1   1   1
  1   2   2   2
  1   2   3   3
  1   2   3   4

Head subquiver data for K_13/1
S:


A:


Q:

Head subquiver data for K_13/2
S:
 -3

A:
 -2

Q:
  1

Head subquiver data for K_13/3
S:
  1  -2

A:
  0  -2

Q:
  1   1
  1   2

Head subquiver data for K_13/6
S:
 -3  -2  -5  -4  -7

A:
 -2  -2  -4  -4  -6

Q:
  1   1   1   1   1
  1   2   2   2   2
  1   2   3   3   3
  1   2   3   4   4
  1   2   3   4   5

Head subquiver data for K_13/8
S:
 -3   1  -2

A:
 -2   0  -2

Q:
  1   1   1
  1   1   1
  1   1   2

Head subquiver data for K_13/9
S:
  1  -2

A:
  0  -2

Q:
  1   1
  1   2

Head subquiver data for K_15/1
S:


A:


Q:

Head subquiver data for K_15/7
S:
  1  -2  -1  -4  -3  -6

A:
  0  -2  -2  -4  -4  -6

Q:
  1   1   1   1   1   1
  1   2   2   2   2   2
  1   2   3   3   3   3
  1   2   3   4   4   4
  1   2   3   4   5   5
  1   2   3   4   5   6

Head subquiver data for K_15/11
S:
  1  -2   1  -2

A:
  0  -2   0  -2

Q:
  1   1   0   0
  1   2   0   0
  0   0   1   1
  0   0   1   2

Head subquiver data for K_15/13
S:
  1  -2  -1  -4  -3  -6

A:
  0  -2  -2  -4  -4  -6

Q:
  1   1   1   1   1   1
  1   2   2   2   2   2
  1   2   3   3   3   3
  1   2   3   4   4   4
  1   2   3   4   5   5
  1   2   3   4   5   6

Head subquiver data for K_17/1
S:


A:


Q:

Head subquiver data for K_17/2
S:
 -3

A:
 -2

Q:
  1

Head subquiver data for K_17/4
S:
 -3  -2  -5

A:
 -2  -2  -4

Q:
  1   1   1
  1   2   2
  1   2   3

Head subquiver data for K_17/5
S:
  1  -2

A:
  0  -2

Q:
  1   1
  1   2

Head subquiver data for K_17/6
S:
 -3

A:
 -2

Q:
  1

Head subquiver data for K_17/7
S:
  1  -2

A:
  0  -2

Q:
  1   1
  1   2

Head subquiver data for K_17/8
S:
 -3  -2  -5  -4  -7  -6  -9

A:
 -2  -2  -4  -4  -6  -6  -8

Q:
  1   1   1   1   1   1   1
  1   2   2   2   2   2   2
  1   2   3   3   3   3   3
  1   2   3   4   4   4   4
  1   2   3   4   5   5   5
  1   2   3   4   5   6   6
  1   2   3   4   5   6   7

Head subquiver data for K_17/14
S:
 -3   1   2   3   4

A:
 -2   0   0   0   0

Q:
  1   0   0   0   0
  0   1   1   1   1
  0   1   2   2   2
  0   1   2   3   3
  0   1   2   3   4

Head subquiver data for K_19/1
S:


A:


Q:

Head subquiver data for K_19/3
S:
  1  -2

A:
  0  -2

Q:
  1   1
  1   2

Head subquiver data for K_19/4
S:
 -3

A:
 -2

Q:
  1

Head subquiver data for K_19/7
S:
  1  -3  -2

A:
  0  -2  -2

Q:
  1   1   1
  1   1   1
  1   1   2

Head subquiver data for K_19/9
S:
  1  -2  -1  -4  -3  -6  -5  -8

A:
  0  -2  -2  -4  -4  -6  -6  -8

Q:
  1   1   1   1   1   1   1   1
  1   2   2   2   2   2   2   2
  1   2   3   3   3   3   3   3
  1   2   3   4   4   4   4   4
  1   2   3   4   5   5   5   5
  1   2   3   4   5   6   6   6
  1   2   3   4   5   6   7   7
  1   2   3   4   5   6   7   8

Head subquiver data for K_19/11
S:
 -3   1  -2

A:
 -2   0  -2

Q:
  1   1   1
  1   1   1
  1   1   2

Head subquiver data for K_19/13
S:
  1  -2

A:
  0  -2

Q:
  1   1
  1   2

Head subquiver data for K_19/14
S:
  1   2  -3  -2  -5

A:
  0   0  -2  -2  -4

Q:
  1   1   0   0   0
  1   2   0   0   0
  0   0   1   1   1
  0   0   1   2   2
  0   0   1   2   3

Head subquiver data for K_19/17
S:
  1  -2  -1  -4  -3  -6  -5  -8

A:
  0  -2  -2  -4  -4  -6  -6  -8

Q:
  1   1   1   1   1   1   1   1
  1   2   2   2   2   2   2   2
  1   2   3   3   3   3   3   3
  1   2   3   4   4   4   4   4
  1   2   3   4   5   5   5   5
  1   2   3   4   5   6   6   6
  1   2   3   4   5   6   7   7
  1   2   3   4   5   6   7   8

Head subquiver data for K_21/1
S:


A:


Q:

Head subquiver data for K_21/2
S:
 -3

A:
 -2

Q:
  1

Head subquiver data for K_21/5
S:
  1  -2  -1  -4

A:
  0  -2  -2  -4

Q:
  1   1   1   1
  1   2   2   2
  1   2   3   3
  1   2   3   4

Head subquiver data for K_21/10
S:
 -3  -2  -5  -4  -7  -6  -9  -8 -11

A:
 -2  -2  -4  -4  -6  -6  -8  -8 -10

Q:
  1   1   1   1   1   1   1   1   1
  1   2   2   2   2   2   2   2   2
  1   2   3   3   3   3   3   3   3
  1   2   3   4   4   4   4   4   4
  1   2   3   4   5   5   5   5   5
  1   2   3   4   5   6   6   6   6
  1   2   3   4   5   6   7   7   7
  1   2   3   4   5   6   7   8   8
  1   2   3   4   5   6   7   8   9

Head subquiver data for K_21/13
S:
 -3   1   1   2

A:
 -2   0   0   0

Q:
  1   0   0   0
  0   1   1   1
  0   1   1   1
  0   1   1   2

Head subquiver data for K_21/17
S:
  1  -2  -1  -4

A:
  0  -2  -2  -4

Q:
  1   1   1   1
  1   2   2   2
  1   2   3   3
  1   2   3   4

Head subquiver data for K_23/1
S:


A:


Q:

Head subquiver data for K_23/8
S:
 -3

A:
 -2

Q:
  1

Head subquiver data for K_23/10
S:
 -3  -2  -5

A:
 -2  -2  -4

Q:
  1   1   1
  1   2   2
  1   2   3

Head subquiver data for K_23/11
S:
  1  -2  -1  -4  -3  -6  -5  -8  -7 -10

A:
  0  -2  -2  -4  -4  -6  -6  -8  -8 -10

Q:
  1   1   1   1   1   1   1   1   1   1
  1   2   2   2   2   2   2   2   2   2
  1   2   3   3   3   3   3   3   3   3
  1   2   3   4   4   4   4   4   4   4
  1   2   3   4   5   5   5   5   5   5
  1   2   3   4   5   6   6   6   6   6
  1   2   3   4   5   6   7   7   7   7
  1   2   3   4   5   6   7   8   8   8
  1   2   3   4   5   6   7   8   9   9
  1   2   3   4   5   6   7   8   9  10

Head subquiver data for K_23/14
S:
 -3   1  -2

A:
 -2   0  -2

Q:
  1   1   1
  1   1   1
  1   1   2

Head subquiver data for K_23/16
S:
 -3   1   2

A:
 -2   0   0

Q:
  1   0   0
  0   1   1
  0   1   2

Head subquiver data for K_23/17
S:
  1  -2   1  -2  -1  -4

A:
  0  -2   0  -2  -2  -4

Q:
  1   1   0   0   0   0
  1   2   0   0   0   0
  0   0   1   1   1   1
  0   0   1   2   2   2
  0   0   1   2   3   3
  0   0   1   2   3   4

Head subquiver data for K_23/18
S:
 -3   1  -2   2

A:
 -2   0  -2   0

Q:
  1   1   1   0
  1   1   1   0
  1   1   2   0
  0   0   0   2

Head subquiver data for K_23/19
S:
  1  -2   1  -2  -1  -4

A:
  0  -2   0  -2  -2  -4

Q:
  1   1   0   0   0   0
  1   2   0   0   0   0
  0   0   1   1   1   1
  0   0   1   2   2   2
  0   0   1   2   3   3
  0   0   1   2   3   4

Head subquiver data for K_23/20
S:
 -3   1   2   3   4   5   6

A:
 -2   0   0   0   0   0   0

Q:
  1   0   0   0   0   0   0
  0   1   1   1   1   1   1
  0   1   2   2   2   2   2
  0   1   2   3   3   3   3
  0   1   2   3   4   4   4
  0   1   2   3   4   5   5
  0   1   2   3   4   5   6

Head subquiver data for K_23/21
S:
  1  -2  -1  -4  -3  -6  -5  -8  -7 -10

A:
  0  -2  -2  -4  -4  -6  -6  -8  -8 -10

Q:
  1   1   1   1   1   1   1   1   1   1
  1   2   2   2   2   2   2   2   2   2
  1   2   3   3   3   3   3   3   3   3
  1   2   3   4   4   4   4   4   4   4
  1   2   3   4   5   5   5   5   5   5
  1   2   3   4   5   6   6   6   6   6
  1   2   3   4   5   6   7   7   7   7
  1   2   3   4   5   6   7   8   8   8
  1   2   3   4   5   6   7   8   9   9
  1   2   3   4   5   6   7   8   9  10

Head subquiver data for K_25/1
S:


A:


Q:

Head subquiver data for K_25/2
S:
 -3

A:
 -2

Q:
  1

Head subquiver data for K_25/3
S:
  1  -2

A:
  0  -2

Q:
  1   1
  1   2

Head subquiver data for K_25/4
S:
 -3  -2  -5

A:
 -2  -2  -4

Q:
  1   1   1
  1   2   2
  1   2   3

Head subquiver data for K_25/6
S:
 -3  -2  -5  -4  -7

A:
 -2  -2  -4  -4  -6

Q:
  1   1   1   1   1
  1   2   2   2   2
  1   2   3   3   3
  1   2   3   4   4
  1   2   3   4   5

Head subquiver data for K_25/12
S:
 -3  -2  -5  -4  -7  -6  -9  -8 -11 -10 -13

A:
 -2  -2  -4  -4  -6  -6  -8  -8 -10 -10 -12

Q:
  1   1   1   1   1   1   1   1   1   1   1
  1   2   2   2   2   2   2   2   2   2   2
  1   2   3   3   3   3   3   3   3   3   3
  1   2   3   4   4   4   4   4   4   4   4
  1   2   3   4   5   5   5   5   5   5   5
  1   2   3   4   5   6   6   6   6   6   6
  1   2   3   4   5   6   7   7   7   7   7
  1   2   3   4   5   6   7   8   8   8   8
  1   2   3   4   5   6   7   8   9   9   9
  1   2   3   4   5   6   7   8   9  10  10
  1   2   3   4   5   6   7   8   9  10  11

Head subquiver data for K_25/14
S:
 -3   1  -2

A:
 -2   0  -2

Q:
  1   1   1
  1   1   1
  1   1   2

Head subquiver data for K_25/16
S:
 -3   1  -2  -2  -5  -1  -4

A:
 -2   0  -2  -2  -4  -2  -4

Q:
  1   1   1   1   1   1   1
  1   1   1   1   1   1   1
  1   1   2   2   2   2   2
  1   1   2   2   2   2   2
  1   1   2   2   3   3   3
  1   1   2   2   3   3   3
  1   1   2   2   3   3   4

Head subquiver data for K_25/17
S:
  1  -2

A:
  0  -2

Q:
  1   1
  1   2

Head subquiver data for K_25/18
S:
 -3   1   2

A:
 -2   0   0

Q:
  1   0   0
  0   1   1
  0   1   2

Head subquiver data for K_27/1
S:


A:


Q:

Head subquiver data for K_27/4
S:
 -3

A:
 -2

Q:
  1

Head subquiver data for K_27/5
S:
  1  -2

A:
  0  -2

Q:
  1   1
  1   2

Head subquiver data for K_27/8
S:
 -3   1   2

A:
 -2   0   0

Q:
  1   0   0
  0   1   1
  0   1   2

Head subquiver data for K_27/10
S:
 -3   1  -2  -2  -5

A:
 -2   0  -2  -2  -4

Q:
  1   1   1   1   1
  1   1   1   1   2
  1   1   2   1   2
  1   1   1   2   2
  1   2   2   2   3

Head subquiver data for K_27/11
S:
  1  -2

A:
  0  -2

Q:
  1   1
  1   2

Head subquiver data for K_27/13
S:
  1  -2  -1  -4  -3  -6  -5  -8  -7 -10  -9 -12

A:
  0  -2  -2  -4  -4  -6  -6  -8  -8 -10 -10 -12

Q:
  1   1   1   1   1   1   1   1   1   1   1   1
  1   2   2   2   2   2   2   2   2   2   2   2
  1   2   3   3   3   3   3   3   3   3   3   3
  1   2   3   4   4   4   4   4   4   4   4   4
  1   2   3   4   5   5   5   5   5   5   5   5
  1   2   3   4   5   6   6   6   6   6   6   6
  1   2   3   4   5   6   7   7   7   7   7   7
  1   2   3   4   5   6   7   8   8   8   8   8
  1   2   3   4   5   6   7   8   9   9   9   9
  1   2   3   4   5   6   7   8   9  10  10  10
  1   2   3   4   5   6   7   8   9  10  11  11
  1   2   3   4   5   6   7   8   9  10  11  12

Head subquiver data for K_27/20
S:
  1   2  -3  -2  -5  -4  -7

A:
  0   0  -2  -2  -4  -4  -6

Q:
  1   1   0   0   0   0   0
  1   2   0   0   0   0   0
  0   0   1   1   1   1   1
  0   0   1   2   2   2   2
  0   0   1   2   3   3   3
  0   0   1   2   3   4   4
  0   0   1   2   3   4   5

Head subquiver data for K_27/25
S:
  1  -2  -1  -4  -3  -6  -5  -8  -7 -10  -9 -12

A:
  0  -2  -2  -4  -4  -6  -6  -8  -8 -10 -10 -12

Q:
  1   1   1   1   1   1   1   1   1   1   1   1
  1   2   2   2   2   2   2   2   2   2   2   2
  1   2   3   3   3   3   3   3   3   3   3   3
  1   2   3   4   4   4   4   4   4   4   4   4
  1   2   3   4   5   5   5   5   5   5   5   5
  1   2   3   4   5   6   6   6   6   6   6   6
  1   2   3   4   5   6   7   7   7   7   7   7
  1   2   3   4   5   6   7   8   8   8   8   8
  1   2   3   4   5   6   7   8   9   9   9   9
  1   2   3   4   5   6   7   8   9  10  10  10
  1   2   3   4   5   6   7   8   9  10  11  11
  1   2   3   4   5   6   7   8   9  10  11  12

Head subquiver data for K_29/1
S:


A:


Q:

Head subquiver data for K_29/2
S:
 -3

A:
 -2

Q:
  1

Head subquiver data for K_29/6
S:
 -3

A:
 -2

Q:
  1

Head subquiver data for K_29/7
S:
  1  -2  -1  -4  -3  -6

A:
  0  -2  -2  -4  -4  -6

Q:
  1   1   1   1   1   1
  1   2   2   2   2   2
  1   2   3   3   3   3
  1   2   3   4   4   4
  1   2   3   4   5   5
  1   2   3   4   5   6

Head subquiver data for K_29/8
S:
 -3   1  -2

A:
 -2   0  -2

Q:
  1   1   1
  1   1   1
  1   1   2

Head subquiver data for K_29/9
S:
  1  -2  -1  -4

A:
  0  -2  -2  -4

Q:
  1   1   1   1
  1   2   2   2
  1   2   3   3
  1   2   3   4

Head subquiver data for K_29/10
S:
 -3

A:
 -2

Q:
  1

Head subquiver data for K_29/12
S:
 -3  -3  -2  -6  -5

A:
 -2  -2  -2  -4  -4

Q:
  1   1   1   1   1
  1   1   1   1   1
  1   1   2   2   2
  1   1   2   2   2
  1   1   2   2   3

Head subquiver data for K_29/13
S:
  1  -2  -1  -4

A:
  0  -2  -2  -4

Q:
  1   1   1   1
  1   2   2   2
  1   2   3   3
  1   2   3   4

Head subquiver data for K_29/14
S:
 -3  -2  -5  -4  -7  -6  -9  -8 -11 -10 -13 -12 -15

A:
 -2  -2  -4  -4  -6  -6  -8  -8 -10 -10 -12 -12 -14

Q:
  1   1   1   1   1   1   1   1   1   1   1   1   1
  1   2   2   2   2   2   2   2   2   2   2   2   2
  1   2   3   3   3   3   3   3   3   3   3   3   3
  1   2   3   4   4   4   4   4   4   4   4   4   4
  1   2   3   4   5   5   5   5   5   5   5   5   5
  1   2   3   4   5   6   6   6   6   6   6   6   6
  1   2   3   4   5   6   7   7   7   7   7   7   7
  1   2   3   4   5   6   7   8   8   8   8   8   8
  1   2   3   4   5   6   7   8   9   9   9   9   9
  1   2   3   4   5   6   7   8   9  10  10  10  10
  1   2   3   4   5   6   7   8   9  10  11  11  11
  1   2   3   4   5   6   7   8   9  10  11  12  12
  1   2   3   4   5   6   7   8   9  10  11  12  13

Head subquiver data for K_29/18
S:
  1  -2  -3   1  -2

A:
  0  -2  -2   0  -2

Q:
  1   1   0   0   0
  1   2   0   0   0
  0   0   1   1   1
  0   0   1   1   1
  0   0   1   1   2

Head subquiver data for K_29/24
S:
 -3  -2  -5   1   2   3   4

A:
 -2  -2  -4   0   0   0   0

Q:
  1   1   1   0   0   0   0
  1   2   2   0   0   0   0
  1   2   3   0   0   0   0
  0   0   0   1   1   1   1
  0   0   0   1   2   2   2
  0   0   0   1   2   3   3
  0   0   0   1   2   3   4

Head subquiver data for K_29/25
S:
  1  -2  -1  -4  -3  -6

A:
  0  -2  -2  -4  -4  -6

Q:
  1   1   1   1   1   1
  1   2   2   2   2   2
  1   2   3   3   3   3
  1   2   3   4   4   4
  1   2   3   4   5   5
  1   2   3   4   5   6

Head subquiver data for K_29/26
S:
 -3   1   2   3   4   5   6   7   8

A:
 -2   0   0   0   0   0   0   0   0

Q:
  1   0   0   0   0   0   0   0   0
  0   1   1   1   1   1   1   1   1
  0   1   2   2   2   2   2   2   2
  0   1   2   3   3   3   3   3   3
  0   1   2   3   4   4   4   4   4
  0   1   2   3   4   5   5   5   5
  0   1   2   3   4   5   6   6   6
  0   1   2   3   4   5   6   7   7
  0   1   2   3   4   5   6   7   8

Head subquiver data for K_31/1
S:


A:


Q:

Head subquiver data for K_31/3
S:
  1  -2

A:
  0  -2

Q:
  1   1
  1   2

Head subquiver data for K_31/5
S:
  1  -2  -1  -4

A:
  0  -2  -2  -4

Q:
  1   1   1   1
  1   2   2   2
  1   2   3   3
  1   2   3   4

Head subquiver data for K_31/7
S:
  1  -2

A:
  0  -2

Q:
  1   1
  1   2

Head subquiver data for K_31/9
S:
  1  -2

A:
  0  -2

Q:
  1   1
  1   2

Head subquiver data for K_31/11
S:
  1  -3  -2

A:
  0  -2  -2

Q:
  1   1   1
  1   1   1
  1   1   2

Head subquiver data for K_31/12
S:
 -3   1  -2

A:
 -2   0  -2

Q:
  1   0   0
  0   1   1
  0   1   2

Head subquiver data for K_31/15
S:
  1  -2  -1  -4  -3  -6  -5  -8  -7 -10  -9 -12 -11 -14

A:
  0  -2  -2  -4  -4  -6  -6  -8  -8 -10 -10 -12 -12 -14

Q:
  1   1   1   1   1   1   1   1   1   1   1   1   1   1
  1   2   2   2   2   2   2   2   2   2   2   2   2   2
  1   2   3   3   3   3   3   3   3   3   3   3   3   3
  1   2   3   4   4   4   4   4   4   4   4   4   4   4
  1   2   3   4   5   5   5   5   5   5   5   5   5   5
  1   2   3   4   5   6   6   6   6   6   6   6   6   6
  1   2   3   4   5   6   7   7   7   7   7   7   7   7
  1   2   3   4   5   6   7   8   8   8   8   8   8   8
  1   2   3   4   5   6   7   8   9   9   9   9   9   9
  1   2   3   4   5   6   7   8   9  10  10  10  10  10
  1   2   3   4   5   6   7   8   9  10  11  11  11  11
  1   2   3   4   5   6   7   8   9  10  11  12  12  12
  1   2   3   4   5   6   7   8   9  10  11  12  13  13
  1   2   3   4   5   6   7   8   9  10  11  12  13  14

Head subquiver data for K_31/17
S:
 -3   1  -2

A:
 -2   0  -2

Q:
  1   1   1
  1   1   1
  1   1   2

Head subquiver data for K_31/18
S:
 -3   1   1   2

A:
 -2   0   0   0

Q:
  1   0   0   0
  0   1   1   1
  0   1   1   1
  0   1   1   2

Head subquiver data for K_31/21
S:
  1  -2

A:
  0  -2

Q:
  1   1
  1   2

Head subquiver data for K_31/23
S:
  1  -2   1  -2  -1  -4  -3  -6

A:
  0  -2   0  -2  -2  -4  -4  -6

Q:
  1   1   0   0   0   0   0   0
  1   2   0   0   0   0   0   0
  0   0   1   1   1   1   1   1
  0   0   1   2   2   2   2   2
  0   0   1   2   3   3   3   3
  0   0   1   2   3   4   4   4
  0   0   1   2   3   4   5   5
  0   0   1   2   3   4   5   6

Head subquiver data for K_31/25
S:
  1  -2  -1  -4

A:
  0  -2  -2  -4

Q:
  1   1   1   1
  1   2   2   2
  1   2   3   3
  1   2   3   4

Head subquiver data for K_31/27
S:
  1  -2   1  -2  -1  -4  -3  -6

A:
  0  -2   0  -2  -2  -4  -4  -6

Q:
  1   1   0   0   0   0   0   0
  1   2   0   0   0   0   0   0
  0   0   1   1   1   1   1   1
  0   0   1   2   2   2   2   2
  0   0   1   2   3   3   3   3
  0   0   1   2   3   4   4   4
  0   0   1   2   3   4   5   5
  0   0   1   2   3   4   5   6

Head subquiver data for K_31/29
S:
  1  -2  -1  -4  -3  -6  -5  -8  -7 -10  -9 -12 -11 -14

A:
  0  -2  -2  -4  -4  -6  -6  -8  -8 -10 -10 -12 -12 -14

Q:
  1   1   1   1   1   1   1   1   1   1   1   1   1   1
  1   2   2   2   2   2   2   2   2   2   2   2   2   2
  1   2   3   3   3   3   3   3   3   3   3   3   3   3
  1   2   3   4   4   4   4   4   4   4   4   4   4   4
  1   2   3   4   5   5   5   5   5   5   5   5   5   5
  1   2   3   4   5   6   6   6   6   6   6   6   6   6
  1   2   3   4   5   6   7   7   7   7   7   7   7   7
  1   2   3   4   5   6   7   8   8   8   8   8   8   8
  1   2   3   4   5   6   7   8   9   9   9   9   9   9
  1   2   3   4   5   6   7   8   9  10  10  10  10  10
  1   2   3   4   5   6   7   8   9  10  11  11  11  11
  1   2   3   4   5   6   7   8   9  10  11  12  12  12
  1   2   3   4   5   6   7   8   9  10  11  12  13  13
  1   2   3   4   5   6   7   8   9  10  11  12  13  14

Head subquiver data for K_33/1
S:


A:


Q:

Head subquiver data for K_33/2
S:
 -3

A:
 -2

Q:
  1

Head subquiver data for K_33/4
S:
 -3  -2  -5

A:
 -2  -2  -4

Q:
  1   1   1
  1   2   2
  1   2   3

Head subquiver data for K_33/7
S:
  1  -3  -2

A:
  0  -2  -2

Q:
  1   1   1
  1   1   1
  1   1   2

Head subquiver data for K_33/8
S:
 -3  -2  -5  -4  -7  -6  -9

A:
 -2  -2  -4  -4  -6  -6  -8

Q:
  1   1   1   1   1   1   1
  1   2   2   2   2   2   2
  1   2   3   3   3   3   3
  1   2   3   4   4   4   4
  1   2   3   4   5   5   5
  1   2   3   4   5   6   6
  1   2   3   4   5   6   7

Head subquiver data for K_33/16
S:
 -3  -2  -5  -4  -7  -6  -9  -8 -11 -10 -13 -12 -15 -14 -17

A:
 -2  -2  -4  -4  -6  -6  -8  -8 -10 -10 -12 -12 -14 -14 -16

Q:
  1   1   1   1   1   1   1   1   1   1   1   1   1   1   1
  1   2   2   2   2   2   2   2   2   2   2   2   2   2   2
  1   2   3   3   3   3   3   3   3   3   3   3   3   3   3
  1   2   3   4   4   4   4   4   4   4   4   4   4   4   4
  1   2   3   4   5   5   5   5   5   5   5   5   5   5   5
  1   2   3   4   5   6   6   6   6   6   6   6   6   6   6
  1   2   3   4   5   6   7   7   7   7   7   7   7   7   7
  1   2   3   4   5   6   7   8   8   8   8   8   8   8   8
  1   2   3   4   5   6   7   8   9   9   9   9   9   9   9
  1   2   3   4   5   6   7   8   9  10  10  10  10  10  10
  1   2   3   4   5   6   7   8   9  10  11  11  11  11  11
  1   2   3   4   5   6   7   8   9  10  11  12  12  12  12
  1   2   3   4   5   6   7   8   9  10  11  12  13  13  13
  1   2   3   4   5   6   7   8   9  10  11  12  13  14  14
  1   2   3   4   5   6   7   8   9  10  11  12  13  14  15

Head subquiver data for K_33/19
S:
 -3   1  -2

A:
 -2   0  -2

Q:
  1   1   1
  1   1   1
  1   1   2

Head subquiver data for K_33/20
S:
 -3   1  -2

A:
 -2   0  -2

Q:
  1   1   1
  1   1   1
  1   1   2

Head subquiver data for K_33/23
S:
  1  -2   1  -2

A:
  0  -2   0  -2

Q:
  1   1   0   0
  1   2   0   0
  0   0   1   1
  0   0   1   2

Head subquiver data for K_33/28
S:
 -3   1  -2   2   4

A:
 -2   0  -2   0   0

Q:
  1   1   1   0   0
  1   1   1   0   0
  1   1   2   0   0
  0   0   0   2   2
  0   0   0   2   4

Head subquiver data for K_35/1
S:


A:


Q:

Head subquiver data for K_35/4
S:
 -3

A:
 -2

Q:
  1

Head subquiver data for K_35/12
S:
 -3

A:
 -2

Q:
  1

Head subquiver data for K_35/13
S:
  1  -3  -2  -2  -1  -5  -4

A:
  0  -2  -2  -2  -2  -4  -4

Q:
  1   1   1   1   1   1   1
  1   1   1   1   2   1   2
  1   1   2   1   2   1   2
  1   1   1   2   2   2   2
  1   2   2   2   3   3   3
  1   1   1   2   3   3   3
  1   2   2   2   3   3   4

Head subquiver data for K_35/16
S:
 -3  -2  -5  -4  -7

A:
 -2  -2  -4  -4  -6

Q:
  1   1   1   1   1
  1   2   2   2   2
  1   2   3   3   3
  1   2   3   4   4
  1   2   3   4   5

Head subquiver data for K_35/17
S:
  1  -2  -1  -4  -3  -6  -5  -8  -7 -10  -9 -12 -11 -14 -13 -16

A:
  0  -2  -2  -4  -4  -6  -6  -8  -8 -10 -10 -12 -12 -14 -14 -16

Q:
  1   1   1   1   1   1   1   1   1   1   1   1   1   1   1   1
  1   2   2   2   2   2   2   2   2   2   2   2   2   2   2   2
  1   2   3   3   3   3   3   3   3   3   3   3   3   3   3   3
  1   2   3   4   4   4   4   4   4   4   4   4   4   4   4   4
  1   2   3   4   5   5   5   5   5   5   5   5   5   5   5   5
  1   2   3   4   5   6   6   6   6   6   6   6   6   6   6   6
  1   2   3   4   5   6   7   7   7   7   7   7   7   7   7   7
  1   2   3   4   5   6   7   8   8   8   8   8   8   8   8   8
  1   2   3   4   5   6   7   8   9   9   9   9   9   9   9   9
  1   2   3   4   5   6   7   8   9  10  10  10  10  10  10  10
  1   2   3   4   5   6   7   8   9  10  11  11  11  11  11  11
  1   2   3   4   5   6   7   8   9  10  11  12  12  12  12  12
  1   2   3   4   5   6   7   8   9  10  11  12  13  13  13  13
  1   2   3   4   5   6   7   8   9  10  11  12  13  14  14  14
  1   2   3   4   5   6   7   8   9  10  11  12  13  14  15  15
  1   2   3   4   5   6   7   8   9  10  11  12  13  14  15  16

Head subquiver data for K_35/24
S:
 -3   1   2

A:
 -2   0   0

Q:
  1   0   0
  0   1   1
  0   1   2

Head subquiver data for K_35/26
S:
  1   2  -3  -2  -5  -4  -7  -6  -9

A:
  0   0  -2  -2  -4  -4  -6  -6  -8

Q:
  1   1   0   0   0   0   0   0   0
  1   2   0   0   0   0   0   0   0
  0   0   1   1   1   1   1   1   1
  0   0   1   2   2   2   2   2   2
  0   0   1   2   3   3   3   3   3
  0   0   1   2   3   4   4   4   4
  0   0   1   2   3   4   5   5   5
  0   0   1   2   3   4   5   6   6
  0   0   1   2   3   4   5   6   7

Head subquiver data for K_35/27
S:
  1  -3  -2  -2  -5  -1  -4

A:
  0  -2  -2  -2  -4  -2  -4

Q:
  1   1   1   1   1   1   1
  1   1   1   1   1   2   2
  1   1   2   1   1   2   2
  1   1   1   2   2   2   2
  1   1   1   2   3   3   3
  1   2   2   2   3   3   3
  1   2   2   2   3   3   4

Head subquiver data for K_35/29
S:
  1  -2  -1  -4   1  -2  -1  -4

A:
  0  -2  -2  -4   0  -2  -2  -4

Q:
  1   1   1   1   0   0   0   0
  1   2   2   2   0   0   0   0
  1   2   3   3   0   0   0   0
  1   2   3   4   0   0   0   0
  0   0   0   0   1   1   1   1
  0   0   0   0   1   2   2   2
  0   0   0   0   1   2   3   3
  0   0   0   0   1   2   3   4

Head subquiver data for K_35/32
S:
 -3   1   2   3   4   5   6   7   8   9  10

A:
 -2   0   0   0   0   0   0   0   0   0   0

Q:
  1   0   0   0   0   0   0   0   0   0   0
  0   1   1   1   1   1   1   1   1   1   1
  0   1   2   2   2   2   2   2   2   2   2
  0   1   2   3   3   3   3   3   3   3   3
  0   1   2   3   4   4   4   4   4   4   4
  0   1   2   3   4   5   5   5   5   5   5
  0   1   2   3   4   5   6   6   6   6   6
  0   1   2   3   4   5   6   7   7   7   7
  0   1   2   3   4   5   6   7   8   8   8
  0   1   2   3   4   5   6   7   8   9   9
  0   1   2   3   4   5   6   7   8   9  10

Head subquiver data for K_35/33
S:
  1  -2  -1  -4  -3  -6  -5  -8  -7 -10  -9 -12 -11 -14 -13 -16

A:
  0  -2  -2  -4  -4  -6  -6  -8  -8 -10 -10 -12 -12 -14 -14 -16

Q:
  1   1   1   1   1   1   1   1   1   1   1   1   1   1   1   1
  1   2   2   2   2   2   2   2   2   2   2   2   2   2   2   2
  1   2   3   3   3   3   3   3   3   3   3   3   3   3   3   3
  1   2   3   4   4   4   4   4   4   4   4   4   4   4   4   4
  1   2   3   4   5   5   5   5   5   5   5   5   5   5   5   5
  1   2   3   4   5   6   6   6   6   6   6   6   6   6   6   6
  1   2   3   4   5   6   7   7   7   7   7   7   7   7   7   7
  1   2   3   4   5   6   7   8   8   8   8   8   8   8   8   8
  1   2   3   4   5   6   7   8   9   9   9   9   9   9   9   9
  1   2   3   4   5   6   7   8   9  10  10  10  10  10  10  10
  1   2   3   4   5   6   7   8   9  10  11  11  11  11  11  11
  1   2   3   4   5   6   7   8   9  10  11  12  12  12  12  12
  1   2   3   4   5   6   7   8   9  10  11  12  13  13  13  13
  1   2   3   4   5   6   7   8   9  10  11  12  13  14  14  14
  1   2   3   4   5   6   7   8   9  10  11  12  13  14  15  15
  1   2   3   4   5   6   7   8   9  10  11  12  13  14  15  16

Head subquiver data for K_37/1
S:


A:


Q:

Head subquiver data for K_37/2
S:
 -3

A:
 -2

Q:
  1

Head subquiver data for K_37/3
S:
  1  -2

A:
  0  -2

Q:
  1   1
  1   2

Head subquiver data for K_37/5
S:
  1  -2

A:
  0  -2

Q:
  1   1
  1   2

Head subquiver data for K_37/6
S:
 -3  -2  -5  -4  -7

A:
 -2  -2  -4  -4  -6

Q:
  1   1   1   1   1
  1   2   2   2   2
  1   2   3   3   3
  1   2   3   4   4
  1   2   3   4   5

Head subquiver data for K_37/9
S:
  1  -2  -1  -4  -3  -6  -5  -8

A:
  0  -2  -2  -4  -4  -6  -6  -8

Q:
  1   1   1   1   1   1   1   1
  1   2   2   2   2   2   2   2
  1   2   3   3   3   3   3   3
  1   2   3   4   4   4   4   4
  1   2   3   4   5   5   5   5
  1   2   3   4   5   6   6   6
  1   2   3   4   5   6   7   7
  1   2   3   4   5   6   7   8

Head subquiver data for K_37/11
S:
  1  -2   1  -2

A:
  0  -2   0  -2

Q:
  1   1   0   0
  1   2   0   0
  0   0   1   1
  0   0   1   2

Head subquiver data for K_37/15
S:
  1  -2

A:
  0  -2

Q:
  1   1
  1   2

Head subquiver data for K_37/16
S:
 -3  -2  -5

A:
 -2  -2  -4

Q:
  1   1   1
  1   2   2
  1   2   3

Head subquiver data for K_37/18
S:
 -3  -2  -5  -4  -7  -6  -9  -8 -11 -10 -13 -12 -15 -14 -17 -16 -19

A:
 -2  -2  -4  -4  -6  -6  -8  -8 -10 -10 -12 -12 -14 -14 -16 -16 -18

Q:
  1   1   1   1   1   1   1   1   1   1   1   1   1   1   1   1   1
  1   2   2   2   2   2   2   2   2   2   2   2   2   2   2   2   2
  1   2   3   3   3   3   3   3   3   3   3   3   3   3   3   3   3
  1   2   3   4   4   4   4   4   4   4   4   4   4   4   4   4   4
  1   2   3   4   5   5   5   5   5   5   5   5   5   5   5   5   5
  1   2   3   4   5   6   6   6   6   6   6   6   6   6   6   6   6
  1   2   3   4   5   6   7   7   7   7   7   7   7   7   7   7   7
  1   2   3   4   5   6   7   8   8   8   8   8   8   8   8   8   8
  1   2   3   4   5   6   7   8   9   9   9   9   9   9   9   9   9
  1   2   3   4   5   6   7   8   9  10  10  10  10  10  10  10  10
  1   2   3   4   5   6   7   8   9  10  11  11  11  11  11  11  11
  1   2   3   4   5   6   7   8   9  10  11  12  12  12  12  12  12
  1   2   3   4   5   6   7   8   9  10  11  12  13  13  13  13  13
  1   2   3   4   5   6   7   8   9  10  11  12  13  14  14  14  14
  1   2   3   4   5   6   7   8   9  10  11  12  13  14  15  15  15
  1   2   3   4   5   6   7   8   9  10  11  12  13  14  15  16  16
  1   2   3   4   5   6   7   8   9  10  11  12  13  14  15  16  17

Head subquiver data for K_37/20
S:
 -3   1  -2

A:
 -2   0  -2

Q:
  1   1   1
  1   1   1
  1   1   2

Head subquiver data for K_37/23
S:
  1   1   2  -3  -2  -5

A:
  0   0   0  -2  -2  -4

Q:
  1   1   1   0   0   0
  1   1   1   0   0   0
  1   1   2   0   0   0
  0   0   0   1   1   1
  0   0   0   1   2   2
  0   0   0   1   2   3

Head subquiver data for K_37/24
S:
 -3   1  -2  -2  -5  -1  -4  -4  -7  -3  -6

A:
 -2   0  -2  -2  -4  -2  -4  -4  -6  -4  -6

Q:
  1   1   1   1   1   1   1   1   1   1   1
  1   1   1   1   1   1   1   1   1   1   1
  1   1   2   2   2   2   2   2   2   2   2
  1   1   2   2   2   2   2   2   2   2   2
  1   1   2   2   3   3   3   3   3   3   3
  1   1   2   2   3   3   3   3   3   3   3
  1   1   2   2   3   3   4   4   4   4   4
  1   1   2   2   3   3   4   4   4   4   4
  1   1   2   2   3   3   4   4   5   5   5
  1   1   2   2   3   3   4   4   5   5   5
  1   1   2   2   3   3   4   4   5   5   6

Head subquiver data for K_37/25
S:
  1  -2

A:
  0  -2

Q:
  1   1
  1   2

Head subquiver data for K_37/27
S:
  1  -2   1  -2

A:
  0  -2   0  -2

Q:
  1   1   0   0
  1   2   0   0
  0   0   1   1
  0   0   1   2

Head subquiver data for K_37/29
S:
  1   1   2  -3  -2  -5

A:
  0   0   0  -2  -2  -4

Q:
  1   1   1   0   0   0
  1   1   1   0   0   0
  1   1   2   0   0   0
  0   0   0   1   1   1
  0   0   0   1   2   2
  0   0   0   1   2   3

Head subquiver data for K_37/30
S:
 -3   1   2   3   4

A:
 -2   0   0   0   0

Q:
  1   0   0   0   0
  0   1   1   1   1
  0   1   2   2   2
  0   1   2   3   3
  0   1   2   3   4

Head subquiver data for K_37/33
S:
  1  -2  -1  -4  -3  -6  -5  -8

A:
  0  -2  -2  -4  -4  -6  -6  -8

Q:
  1   1   1   1   1   1   1   1
  1   2   2   2   2   2   2   2
  1   2   3   3   3   3   3   3
  1   2   3   4   4   4   4   4
  1   2   3   4   5   5   5   5
  1   2   3   4   5   6   6   6
  1   2   3   4   5   6   7   7
  1   2   3   4   5   6   7   8

Head subquiver data for K_39/1
S:


A:


Q:

Head subquiver data for K_39/8
S:
 -3

A:
 -2

Q:
  1

Head subquiver data for K_39/17
S:
  1  -3  -2  -2  -1  -5  -4

A:
  0  -2  -2  -2  -2  -4  -4

Q:
  1   1   1   1   1   1   1
  1   1   1   1   1   1   1
  1   1   2   2   2   2   2
  1   1   2   2   2   2   2
  1   1   2   2   3   3   3
  1   1   2   2   3   3   3
  1   1   2   2   3   3   4

Head subquiver data for K_39/19
S:
  1  -2  -1  -4  -3  -6  -5  -8  -7 -10  -9 -12 -11 -14 -13 -16 -15 -18

A:
  0  -2  -2  -4  -4  -6  -6  -8  -8 -10 -10 -12 -12 -14 -14 -16 -16 -18

Q:
  1   1   1   1   1   1   1   1   1   1   1   1   1   1   1   1   1   1
  1   2   2   2   2   2   2   2   2   2   2   2   2   2   2   2   2   2
  1   2   3   3   3   3   3   3   3   3   3   3   3   3   3   3   3   3
  1   2   3   4   4   4   4   4   4   4   4   4   4   4   4   4   4   4
  1   2   3   4   5   5   5   5   5   5   5   5   5   5   5   5   5   5
  1   2   3   4   5   6   6   6   6   6   6   6   6   6   6   6   6   6
  1   2   3   4   5   6   7   7   7   7   7   7   7   7   7   7   7   7
  1   2   3   4   5   6   7   8   8   8   8   8   8   8   8   8   8   8
  1   2   3   4   5   6   7   8   9   9   9   9   9   9   9   9   9   9
  1   2   3   4   5   6   7   8   9  10  10  10  10  10  10  10  10  10
  1   2   3   4   5   6   7   8   9  10  11  11  11  11  11  11  11  11
  1   2   3   4   5   6   7   8   9  10  11  12  12  12  12  12  12  12
  1   2   3   4   5   6   7   8   9  10  11  12  13  13  13  13  13  13
  1   2   3   4   5   6   7   8   9  10  11  12  13  14  14  14  14  14
  1   2   3   4   5   6   7   8   9  10  11  12  13  14  15  15  15  15
  1   2   3   4   5   6   7   8   9  10  11  12  13  14  15  16  16  16
  1   2   3   4   5   6   7   8   9  10  11  12  13  14  15  16  17  17
  1   2   3   4   5   6   7   8   9  10  11  12  13  14  15  16  17  18

Head subquiver data for K_39/23
S:
 -3   1  -2  -2  -5  -1  -4

A:
 -2   0  -2  -2  -4  -2  -4

Q:
  1   1   1   1   1   1   1
  1   1   1   1   1   1   1
  1   1   2   2   2   2   2
  1   1   2   2   2   2   2
  1   1   2   2   3   3   3
  1   1   2   2   3   3   3
  1   1   2   2   3   3   4

Head subquiver data for K_39/25
S:
 -3   1   1   2   2   3   3   4

A:
 -2   0   0   0   0   0   0   0

Q:
  1   0   0   0   0   0   0   0
  0   1   1   1   1   1   1   1
  0   1   1   1   1   1   1   1
  0   1   1   2   2   2   2   2
  0   1   1   2   2   2   2   2
  0   1   1   2   2   3   3   3
  0   1   1   2   2   3   3   3
  0   1   1   2   2   3   3   4

Head subquiver data for K_39/28
S:
 -3   1   2

A:
 -2   0   0

Q:
  1   0   0
  0   1   1
  0   1   2

Head subquiver data for K_39/29
S:
  1  -2   1  -2  -1  -4  -3  -6  -5  -8

A:
  0  -2   0  -2  -2  -4  -4  -6  -6  -8

Q:
  1   1   0   0   0   0   0   0   0   0
  1   2   0   0   0   0   0   0   0   0
  0   0   1   1   1   1   1   1   1   1
  0   0   1   2   2   2   2   2   2   2
  0   0   1   2   3   3   3   3   3   3
  0   0   1   2   3   4   4   4   4   4
  0   0   1   2   3   4   5   5   5   5
  0   0   1   2   3   4   5   6   6   6
  0   0   1   2   3   4   5   6   7   7
  0   0   1   2   3   4   5   6   7   8

Head subquiver data for K_39/32
S:
 -3   1   2   3   4

A:
 -2   0   0   0   0

Q:
  1   0   0   0   0
  0   1   1   1   1
  0   1   2   2   2
  0   1   2   3   3
  0   1   2   3   4

Head subquiver data for K_39/34
S:
 -3  -2  -5   1   2   3   4   5   6

A:
 -2  -2  -4   0   0   0   0   0   0

Q:
  1   1   1   0   0   0   0   0   0
  1   2   2   0   0   0   0   0   0
  1   2   3   0   0   0   0   0   0
  0   0   0   1   1   1   1   1   1
  0   0   0   1   2   2   2   2   2
  0   0   0   1   2   3   3   3   3
  0   0   0   1   2   3   4   4   4
  0   0   0   1   2   3   4   5   5
  0   0   0   1   2   3   4   5   6

Head subquiver data for K_39/35
S:
  1  -2   1  -2  -1  -4  -3  -6  -5  -8

A:
  0  -2   0  -2  -2  -4  -4  -6  -6  -8

Q:
  1   1   0   0   0   0   0   0   0   0
  1   2   0   0   0   0   0   0   0   0
  0   0   1   1   1   1   1   1   1   1
  0   0   1   2   2   2   2   2   2   2
  0   0   1   2   3   3   3   3   3   3
  0   0   1   2   3   4   4   4   4   4
  0   0   1   2   3   4   5   5   5   5
  0   0   1   2   3   4   5   6   6   6
  0   0   1   2   3   4   5   6   7   7
  0   0   1   2   3   4   5   6   7   8

Head subquiver data for K_39/37
S:
  1  -2  -1  -4  -3  -6  -5  -8  -7 -10  -9 -12 -11 -14 -13 -16 -15 -18

A:
  0  -2  -2  -4  -4  -6  -6  -8  -8 -10 -10 -12 -12 -14 -14 -16 -16 -18

Q:
  1   1   1   1   1   1   1   1   1   1   1   1   1   1   1   1   1   1
  1   2   2   2   2   2   2   2   2   2   2   2   2   2   2   2   2   2
  1   2   3   3   3   3   3   3   3   3   3   3   3   3   3   3   3   3
  1   2   3   4   4   4   4   4   4   4   4   4   4   4   4   4   4   4
  1   2   3   4   5   5   5   5   5   5   5   5   5   5   5   5   5   5
  1   2   3   4   5   6   6   6   6   6   6   6   6   6   6   6   6   6
  1   2   3   4   5   6   7   7   7   7   7   7   7   7   7   7   7   7
  1   2   3   4   5   6   7   8   8   8   8   8   8   8   8   8   8   8
  1   2   3   4   5   6   7   8   9   9   9   9   9   9   9   9   9   9
  1   2   3   4   5   6   7   8   9  10  10  10  10  10  10  10  10  10
  1   2   3   4   5   6   7   8   9  10  11  11  11  11  11  11  11  11
  1   2   3   4   5   6   7   8   9  10  11  12  12  12  12  12  12  12
  1   2   3   4   5   6   7   8   9  10  11  12  13  13  13  13  13  13
  1   2   3   4   5   6   7   8   9  10  11  12  13  14  14  14  14  14
  1   2   3   4   5   6   7   8   9  10  11  12  13  14  15  15  15  15
  1   2   3   4   5   6   7   8   9  10  11  12  13  14  15  16  16  16
  1   2   3   4   5   6   7   8   9  10  11  12  13  14  15  16  17  17
  1   2   3   4   5   6   7   8   9  10  11  12  13  14  15  16  17  18

Head subquiver data for K_41/1
S:


A:


Q:

Head subquiver data for K_41/2
S:
 -3

A:
 -2

Q:
  1

Head subquiver data for K_41/4
S:
 -3  -2  -5

A:
 -2  -2  -4

Q:
  1   1   1
  1   2   2
  1   2   3

Head subquiver data for K_41/5
S:
  1  -2  -1  -4

A:
  0  -2  -2  -4

Q:
  1   1   1   1
  1   2   2   2
  1   2   3   3
  1   2   3   4

Head subquiver data for K_41/6
S:
 -3

A:
 -2

Q:
  1

Head subquiver data for K_41/10
S:
 -3  -2  -5  -4  -7  -6  -9  -8 -11

A:
 -2  -2  -4  -4  -6  -6  -8  -8 -10

Q:
  1   1   1   1   1   1   1   1   1
  1   2   2   2   2   2   2   2   2
  1   2   3   3   3   3   3   3   3
  1   2   3   4   4   4   4   4   4
  1   2   3   4   5   5   5   5   5
  1   2   3   4   5   6   6   6   6
  1   2   3   4   5   6   7   7   7
  1   2   3   4   5   6   7   8   8
  1   2   3   4   5   6   7   8   9

Head subquiver data for K_41/11
S:
 -3   1  -2

A:
 -2   0  -2

Q:
  1   1   1
  1   1   1
  1   1   2

Head subquiver data for K_41/13
S:
  1  -2  -1  -4  -3  -6

A:
  0  -2  -2  -4  -4  -6

Q:
  1   1   1   1   1   1
  1   2   2   2   2   2
  1   2   3   3   3   3
  1   2   3   4   4   4
  1   2   3   4   5   5
  1   2   3   4   5   6

Head subquiver data for K_41/14
S:
 -3

A:
 -2

Q:
  1

Head subquiver data for K_41/15
S:
  1  -3  -2

A:
  0  -2  -2

Q:
  1   1   1
  1   1   1
  1   1   2

Head subquiver data for K_41/17
S:
  1   1  -2  -2   2  -1  -1  -4

A:
  0   0  -2  -2   0  -2  -2  -4

Q:
  1   1   1   1   1   1   1   1
  1   1   1   1   1   2   1   2
  1   1   2   1   1   2   1   2
  1   1   1   2   2   2   2   2
  1   1   1   2   2   2   2   3
  1   2   2   2   2   3   2   3
  1   1   1   2   2   2   3   3
  1   2   2   2   3   3   3   4

Head subquiver data for K_41/19
S:
  1  -2  -1  -4  -3  -6

A:
  0  -2  -2  -4  -4  -6

Q:
  1   1   1   1   1   1
  1   2   2   2   2   2
  1   2   3   3   3   3
  1   2   3   4   4   4
  1   2   3   4   5   5
  1   2   3   4   5   6

Head subquiver data for K_41/20
S:
 -3  -2  -5  -4  -7  -6  -9  -8 -11 -10 -13 -12 -15 -14 -17 -16 -19 -18 -21

A:
 -2  -2  -4  -4  -6  -6  -8  -8 -10 -10 -12 -12 -14 -14 -16 -16 -18 -18 -20

Q:
  1   1   1   1   1   1   1   1   1   1   1   1   1   1   1   1   1   1   1
  1   2   2   2   2   2   2   2   2   2   2   2   2   2   2   2   2   2   2
  1   2   3   3   3   3   3   3   3   3   3   3   3   3   3   3   3   3   3
  1   2   3   4   4   4   4   4   4   4   4   4   4   4   4   4   4   4   4
  1   2   3   4   5   5   5   5   5   5   5   5   5   5   5   5   5   5   5
  1   2   3   4   5   6   6   6   6   6   6   6   6   6   6   6   6   6   6
  1   2   3   4   5   6   7   7   7   7   7   7   7   7   7   7   7   7   7
  1   2   3   4   5   6   7   8   8   8   8   8   8   8   8   8   8   8   8
  1   2   3   4   5   6   7   8   9   9   9   9   9   9   9   9   9   9   9
  1   2   3   4   5   6   7   8   9  10  10  10  10  10  10  10  10  10  10
  1   2   3   4   5   6   7   8   9  10  11  11  11  11  11  11  11  11  11
  1   2   3   4   5   6   7   8   9  10  11  12  12  12  12  12  12  12  12
  1   2   3   4   5   6   7   8   9  10  11  12  13  13  13  13  13  13  13
  1   2   3   4   5   6   7   8   9  10  11  12  13  14  14  14  14  14  14
  1   2   3   4   5   6   7   8   9  10  11  12  13  14  15  15  15  15  15
  1   2   3   4   5   6   7   8   9  10  11  12  13  14  15  16  16  16  16
  1   2   3   4   5   6   7   8   9  10  11  12  13  14  15  16  17  17  17
  1   2   3   4   5   6   7   8   9  10  11  12  13  14  15  16  17  18  18
  1   2   3   4   5   6   7   8   9  10  11  12  13  14  15  16  17  18  19

Head subquiver data for K_41/23
S:
 -3   1   1   2

A:
 -2   0   0   0

Q:
  1   0   0   0
  0   1   1   1
  0   1   1   1
  0   1   1   2

Head subquiver data for K_41/25
S:
 -3   1   1   2

A:
 -2   0   0   0

Q:
  1   0   0   0
  0   1   1   1
  0   1   1   1
  0   1   1   2

Head subquiver data for K_41/29
S:
  1   1  -2   2  -2  -1  -1  -4

A:
  0   0  -2   0  -2  -2  -2  -4

Q:
  1   1   1   1   1   1   1   1
  1   1   1   1   1   1   2   2
  1   1   2   1   1   1   2   2
  1   1   1   2   2   2   2   3
  1   1   1   2   2   2   2   2
  1   1   1   2   2   3   2   3
  1   2   2   2   2   2   3   3
  1   2   2   3   2   3   3   4

Head subquiver data for K_41/32
S:
 -3   1  -2   2

A:
 -2   0  -2   0

Q:
  1   1   1   0
  1   1   1   0
  1   1   2   0
  0   0   0   2

Head subquiver data for K_41/33
S:
  1  -2  -1  -4

A:
  0  -2  -2  -4

Q:
  1   1   1   1
  1   2   2   2
  1   2   3   3
  1   2   3   4

Head subquiver data for K_41/34
S:
  1   2   3   4  -3  -2  -5  -4  -7

A:
  0   0   0   0  -2  -2  -4  -4  -6

Q:
  1   1   1   1   0   0   0   0   0
  1   2   2   2   0   0   0   0   0
  1   2   3   3   0   0   0   0   0
  1   2   3   4   0   0   0   0   0
  0   0   0   0   1   1   1   1   1
  0   0   0   0   1   2   2   2   2
  0   0   0   0   1   2   3   3   3
  0   0   0   0   1   2   3   4   4
  0   0   0   0   1   2   3   4   5

Head subquiver data for K_41/38
S:
 -3   1   2   3   4   5   6   7   8   9  10  11  12

A:
 -2   0   0   0   0   0   0   0   0   0   0   0   0

Q:
  1   0   0   0   0   0   0   0   0   0   0   0   0
  0   1   1   1   1   1   1   1   1   1   1   1   1
  0   1   2   2   2   2   2   2   2   2   2   2   2
  0   1   2   3   3   3   3   3   3   3   3   3   3
  0   1   2   3   4   4   4   4   4   4   4   4   4
  0   1   2   3   4   5   5   5   5   5   5   5   5
  0   1   2   3   4   5   6   6   6   6   6   6   6
  0   1   2   3   4   5   6   7   7   7   7   7   7
  0   1   2   3   4   5   6   7   8   8   8   8   8
  0   1   2   3   4   5   6   7   8   9   9   9   9
  0   1   2   3   4   5   6   7   8   9  10  10  10
  0   1   2   3   4   5   6   7   8   9  10  11  11
  0   1   2   3   4   5   6   7   8   9  10  11  12

Head subquiver data for K_43/1
S:


A:


Q:

Head subquiver data for K_43/3
S:
  1  -2

A:
  0  -2

Q:
  1   1
  1   2

Head subquiver data for K_43/4
S:
 -3

A:
 -2

Q:
  1

Head subquiver data for K_43/7
S:
  1  -2  -1  -4  -3  -6

A:
  0  -2  -2  -4  -4  -6

Q:
  1   1   1   1   1   1
  1   2   2   2   2   2
  1   2   3   3   3   3
  1   2   3   4   4   4
  1   2   3   4   5   5
  1   2   3   4   5   6

Head subquiver data for K_43/8
S:
 -3   1   2

A:
 -2   0   0

Q:
  1   0   0
  0   1   1
  0   1   2

Head subquiver data for K_43/10
S:
 -3  -2  -5

A:
 -2  -2  -4

Q:
  1   1   1
  1   2   2
  1   2   3

Head subquiver data for K_43/15
S:
  1  -3  -2

A:
  0  -2  -2

Q:
  1   1   1
  1   1   1
  1   1   2

Head subquiver data for K_43/16
S:
 -3   1  -2  -2  -5  -1  -4  -4  -7

A:
 -2   0  -2  -2  -4  -2  -4  -4  -6

Q:
  1   1   1   1   1   1   1   1   1
  1   1   1   1   2   1   1   2   2
  1   1   2   1   2   2   2   2   2
  1   1   1   2   2   1   1   2   2
  1   2   2   2   3   3   3   3   3
  1   1   2   1   3   3   3   3   4
  1   1   2   1   3   3   4   3   4
  1   2   2   2   3   3   3   4   4
  1   2   2   2   3   4   4   4   5

Head subquiver data for K_43/21
S:
  1  -2  -1  -4  -3  -6  -5  -8  -7 -10  -9 -12 -11 -14 -13 -16 -15 -18 -17 -20

A:
  0  -2  -2  -4  -4  -6  -6  -8  -8 -10 -10 -12 -12 -14 -14 -16 -16 -18 -18 -20

Q:
  1   1   1   1   1   1   1   1   1   1   1   1   1   1   1   1   1   1   1   1
  1   2   2   2   2   2   2   2   2   2   2   2   2   2   2   2   2   2   2   2
  1   2   3   3   3   3   3   3   3   3   3   3   3   3   3   3   3   3   3   3
  1   2   3   4   4   4   4   4   4   4   4   4   4   4   4   4   4   4   4   4
  1   2   3   4   5   5   5   5   5   5   5   5   5   5   5   5   5   5   5   5
  1   2   3   4   5   6   6   6   6   6   6   6   6   6   6   6   6   6   6   6
  1   2   3   4   5   6   7   7   7   7   7   7   7   7   7   7   7   7   7   7
  1   2   3   4   5   6   7   8   8   8   8   8   8   8   8   8   8   8   8   8
  1   2   3   4   5   6   7   8   9   9   9   9   9   9   9   9   9   9   9   9
  1   2   3   4   5   6   7   8   9  10  10  10  10  10  10  10  10  10  10  10
  1   2   3   4   5   6   7   8   9  10  11  11  11  11  11  11  11  11  11  11
  1   2   3   4   5   6   7   8   9  10  11  12  12  12  12  12  12  12  12  12
  1   2   3   4   5   6   7   8   9  10  11  12  13  13  13  13  13  13  13  13
  1   2   3   4   5   6   7   8   9  10  11  12  13  14  14  14  14  14  14  14
  1   2   3   4   5   6   7   8   9  10  11  12  13  14  15  15  15  15  15  15
  1   2   3   4   5   6   7   8   9  10  11  12  13  14  15  16  16  16  16  16
  1   2   3   4   5   6   7   8   9  10  11  12  13  14  15  16  17  17  17  17
  1   2   3   4   5   6   7   8   9  10  11  12  13  14  15  16  17  18  18  18
  1   2   3   4   5   6   7   8   9  10  11  12  13  14  15  16  17  18  19  19
  1   2   3   4   5   6   7   8   9  10  11  12  13  14  15  16  17  18  19  20

Head subquiver data for K_43/23
S:
 -3   1  -2

A:
 -2   0  -2

Q:
  1   1   1
  1   1   1
  1   1   2

Head subquiver data for K_43/24
S:
 -3   1  -2

A:
 -2   0  -2

Q:
  1   1   1
  1   1   1
  1   1   2

Head subquiver data for K_43/25
S:
  1  -2  -3   1  -2

A:
  0  -2  -2   0  -2

Q:
  1   1   0   0   0
  1   2   0   0   0
  0   0   1   1   1
  0   0   1   1   1
  0   0   1   1   2

Head subquiver data for K_43/26
S:
 -3   1  -2

A:
 -2   0  -2

Q:
  1   1   1
  1   1   1
  1   1   2

Head subquiver data for K_43/29
S:
  1  -2

A:
  0  -2

Q:
  1   1
  1   2

Head subquiver data for K_43/30
S:
  1   2  -3  -2  -5

A:
  0   0  -2  -2  -4

Q:
  1   1   0   0   0
  1   2   0   0   0
  0   0   1   1   1
  0   0   1   2   2
  0   0   1   2   3

Head subquiver data for K_43/31
S:
  1  -2   1  -3  -2

A:
  0  -2   0  -2  -2

Q:
  1   1   0   0   0
  1   2   0   0   0
  0   0   1   1   1
  0   0   1   1   1
  0   0   1   1   2

Head subquiver data for K_43/32
S:
  1   2  -3  -2  -5  -4  -7  -6  -9  -8 -11

A:
  0   0  -2  -2  -4  -4  -6  -6  -8  -8 -10

Q:
  1   1   0   0   0   0   0   0   0   0   0
  1   2   0   0   0   0   0   0   0   0   0
  0   0   1   1   1   1   1   1   1   1   1
  0   0   1   2   2   2   2   2   2   2   2
  0   0   1   2   3   3   3   3   3   3   3
  0   0   1   2   3   4   4   4   4   4   4
  0   0   1   2   3   4   5   5   5   5   5
  0   0   1   2   3   4   5   6   6   6   6
  0   0   1   2   3   4   5   6   7   7   7
  0   0   1   2   3   4   5   6   7   8   8
  0   0   1   2   3   4   5   6   7   8   9

Head subquiver data for K_43/34
S:
 -3   1  -2  -2  -5  -1  -4   2

A:
 -2   0  -2  -2  -4  -2  -4   0

Q:
  1   1   1   1   1   1   1   0
  1   1   1   1   1   1   1   0
  1   1   2   2   2   2   2   0
  1   1   2   2   2   2   2   0
  1   1   2   2   3   3   3   0
  1   1   2   2   3   3   3   0
  1   1   2   2   3   3   4   0
  0   0   0   0   0   0   0   2

Head subquiver data for K_43/37
S:
  1  -2  -1  -4  -3  -6

A:
  0  -2  -2  -4  -4  -6

Q:
  1   1   1   1   1   1
  1   2   2   2   2   2
  1   2   3   3   3   3
  1   2   3   4   4   4
  1   2   3   4   5   5
  1   2   3   4   5   6

Head subquiver data for K_43/38
S:
 -3   1  -2   2   4   6

A:
 -2   0  -2   0   0   0

Q:
  1   1   1   0   0   0
  1   1   1   0   0   0
  1   1   2   0   0   0
  0   0   0   2   2   2
  0   0   0   2   4   4
  0   0   0   2   4   6

Head subquiver data for K_43/41
S:
  1  -2  -1  -4  -3  -6  -5  -8  -7 -10  -9 -12 -11 -14 -13 -16 -15 -18 -17 -20

A:
  0  -2  -2  -4  -4  -6  -6  -8  -8 -10 -10 -12 -12 -14 -14 -16 -16 -18 -18 -20

Q:
  1   1   1   1   1   1   1   1   1   1   1   1   1   1   1   1   1   1   1   1
  1   2   2   2   2   2   2   2   2   2   2   2   2   2   2   2   2   2   2   2
  1   2   3   3   3   3   3   3   3   3   3   3   3   3   3   3   3   3   3   3
  1   2   3   4   4   4   4   4   4   4   4   4   4   4   4   4   4   4   4   4
  1   2   3   4   5   5   5   5   5   5   5   5   5   5   5   5   5   5   5   5
  1   2   3   4   5   6   6   6   6   6   6   6   6   6   6   6   6   6   6   6
  1   2   3   4   5   6   7   7   7   7   7   7   7   7   7   7   7   7   7   7
  1   2   3   4   5   6   7   8   8   8   8   8   8   8   8   8   8   8   8   8
  1   2   3   4   5   6   7   8   9   9   9   9   9   9   9   9   9   9   9   9
  1   2   3   4   5   6   7   8   9  10  10  10  10  10  10  10  10  10  10  10
  1   2   3   4   5   6   7   8   9  10  11  11  11  11  11  11  11  11  11  11
  1   2   3   4   5   6   7   8   9  10  11  12  12  12  12  12  12  12  12  12
  1   2   3   4   5   6   7   8   9  10  11  12  13  13  13  13  13  13  13  13
  1   2   3   4   5   6   7   8   9  10  11  12  13  14  14  14  14  14  14  14
  1   2   3   4   5   6   7   8   9  10  11  12  13  14  15  15  15  15  15  15
  1   2   3   4   5   6   7   8   9  10  11  12  13  14  15  16  16  16  16  16
  1   2   3   4   5   6   7   8   9  10  11  12  13  14  15  16  17  17  17  17
  1   2   3   4   5   6   7   8   9  10  11  12  13  14  15  16  17  18  18  18
  1   2   3   4   5   6   7   8   9  10  11  12  13  14  15  16  17  18  19  19
  1   2   3   4   5   6   7   8   9  10  11  12  13  14  15  16  17  18  19  20

Head subquiver data for K_45/1
S:


A:


Q:

Head subquiver data for K_45/2
S:
 -3

A:
 -2

Q:
  1

Head subquiver data for K_45/7
S:
  1  -2

A:
  0  -2

Q:
  1   1
  1   2

Head subquiver data for K_45/8
S:
 -3   1  -2

A:
 -2   0  -2

Q:
  1   1   1
  1   1   1
  1   1   2

Head subquiver data for K_45/11
S:
  1  -2  -1  -4  -3  -6  -5  -8  -7 -10

A:
  0  -2  -2  -4  -4  -6  -6  -8  -8 -10

Q:
  1   1   1   1   1   1   1   1   1   1
  1   2   2   2   2   2   2   2   2   2
  1   2   3   3   3   3   3   3   3   3
  1   2   3   4   4   4   4   4   4   4
  1   2   3   4   5   5   5   5   5   5
  1   2   3   4   5   6   6   6   6   6
  1   2   3   4   5   6   7   7   7   7
  1   2   3   4   5   6   7   8   8   8
  1   2   3   4   5   6   7   8   9   9
  1   2   3   4   5   6   7   8   9  10

Head subquiver data for K_45/13
S:
  1  -2

A:
  0  -2

Q:
  1   1
  1   2

Head subquiver data for K_45/14
S:
 -3   1   2   3   4

A:
 -2   0   0   0   0

Q:
  1   0   0   0   0
  0   1   1   1   1
  0   1   2   2   2
  0   1   2   3   3
  0   1   2   3   4

Head subquiver data for K_45/16
S:
 -3   1  -2  -2  -5

A:
 -2   0  -2  -2  -4

Q:
  1   1   1   1   1
  1   1   1   1   2
  1   1   2   1   2
  1   1   1   2   2
  1   2   2   2   3

Head subquiver data for K_45/19
S:
  1  -2   1  -2

A:
  0  -2   0  -2

Q:
  1   1   0   0
  1   2   0   0
  0   0   1   1
  0   0   1   2

Head subquiver data for K_45/22
S:
 -3  -2  -5  -4  -7  -6  -9  -8 -11 -10 -13 -12 -15 -14 -17 -16 -19 -18 -21 -20 -23

A:
 -2  -2  -4  -4  -6  -6  -8  -8 -10 -10 -12 -12 -14 -14 -16 -16 -18 -18 -20 -20 -22

Q:
  1   1   1   1   1   1   1   1   1   1   1   1   1   1   1   1   1   1   1   1   1
  1   2   2   2   2   2   2   2   2   2   2   2   2   2   2   2   2   2   2   2   2
  1   2   3   3   3   3   3   3   3   3   3   3   3   3   3   3   3   3   3   3   3
  1   2   3   4   4   4   4   4   4   4   4   4   4   4   4   4   4   4   4   4   4
  1   2   3   4   5   5   5   5   5   5   5   5   5   5   5   5   5   5   5   5   5
  1   2   3   4   5   6   6   6   6   6   6   6   6   6   6   6   6   6   6   6   6
  1   2   3   4   5   6   7   7   7   7   7   7   7   7   7   7   7   7   7   7   7
  1   2   3   4   5   6   7   8   8   8   8   8   8   8   8   8   8   8   8   8   8
  1   2   3   4   5   6   7   8   9   9   9   9   9   9   9   9   9   9   9   9   9
  1   2   3   4   5   6   7   8   9  10  10  10  10  10  10  10  10  10  10  10  10
  1   2   3   4   5   6   7   8   9  10  11  11  11  11  11  11  11  11  11  11  11
  1   2   3   4   5   6   7   8   9  10  11  12  12  12  12  12  12  12  12  12  12
  1   2   3   4   5   6   7   8   9  10  11  12  13  13  13  13  13  13  13  13  13
  1   2   3   4   5   6   7   8   9  10  11  12  13  14  14  14  14  14  14  14  14
  1   2   3   4   5   6   7   8   9  10  11  12  13  14  15  15  15  15  15  15  15
  1   2   3   4   5   6   7   8   9  10  11  12  13  14  15  16  16  16  16  16  16
  1   2   3   4   5   6   7   8   9  10  11  12  13  14  15  16  17  17  17  17  17
  1   2   3   4   5   6   7   8   9  10  11  12  13  14  15  16  17  18  18  18  18
  1   2   3   4   5   6   7   8   9  10  11  12  13  14  15  16  17  18  19  19  19
  1   2   3   4   5   6   7   8   9  10  11  12  13  14  15  16  17  18  19  20  20
  1   2   3   4   5   6   7   8   9  10  11  12  13  14  15  16  17  18  19  20  21

Head subquiver data for K_45/28
S:
 -3   1  -2   1  -2  -1  -4

A:
 -2   0  -2   0  -2  -2  -4

Q:
  1   1   1   0   0   0   0
  1   1   1   0   0   0   0
  1   1   2   0   0   0   0
  0   0   0   1   1   1   1
  0   0   0   1   2   2   2
  0   0   0   1   2   3   3
  0   0   0   1   2   3   4

Head subquiver data for K_45/41
S:
  1  -2  -1  -4  -3  -6  -5  -8  -7 -10

A:
  0  -2  -2  -4  -4  -6  -6  -8  -8 -10

Q:
  1   1   1   1   1   1   1   1   1   1
  1   2   2   2   2   2   2   2   2   2
  1   2   3   3   3   3   3   3   3   3
  1   2   3   4   4   4   4   4   4   4
  1   2   3   4   5   5   5   5   5   5
  1   2   3   4   5   6   6   6   6   6
  1   2   3   4   5   6   7   7   7   7
  1   2   3   4   5   6   7   8   8   8
  1   2   3   4   5   6   7   8   9   9
  1   2   3   4   5   6   7   8   9  10

Head subquiver data for K_47/1
S:


A:


Q:

Head subquiver data for K_47/5
S:
  1  -2

A:
  0  -2

Q:
  1   1
  1   2

Head subquiver data for K_47/7
S:
  1  -3  -2

A:
  0  -2  -2

Q:
  1   1   1
  1   1   1
  1   1   2

Head subquiver data for K_47/9
S:
  1  -2  -1  -4

A:
  0  -2  -2  -4

Q:
  1   1   1   1
  1   2   2   2
  1   2   3   3
  1   2   3   4

Head subquiver data for K_47/10
S:
 -3   1  -2  -2  -5

A:
 -2   0  -2  -2  -4

Q:
  1   1   1   1   1
  1   1   1   1   2
  1   1   2   1   2
  1   1   1   2   2
  1   2   2   2   3

Head subquiver data for K_47/13
S:
 -3   1   1   2

A:
 -2   0   0   0

Q:
  1   0   0   0
  0   1   1   1
  0   1   1   1
  0   1   1   2

Head subquiver data for K_47/14
S:
  1   2  -3  -2  -5

A:
  0   0  -2  -2  -4

Q:
  1   1   0   0   0
  1   2   0   0   0
  0   0   1   1   1
  0   0   1   2   2
  0   0   1   2   3

Head subquiver data for K_47/16
S:
 -3

A:
 -2

Q:
  1

Head subquiver data for K_47/19
S:
  1  -2

A:
  0  -2

Q:
  1   1
  1   2

Head subquiver data for K_47/21
S:
  1  -2  -1  -4

A:
  0  -2  -2  -4

Q:
  1   1   1   1
  1   2   2   2
  1   2   3   3
  1   2   3   4

Head subquiver data for K_47/22
S:
 -3  -2  -5  -4  -7  -6  -9

A:
 -2  -2  -4  -4  -6  -6  -8

Q:
  1   1   1   1   1   1   1
  1   2   2   2   2   2   2
  1   2   3   3   3   3   3
  1   2   3   4   4   4   4
  1   2   3   4   5   5   5
  1   2   3   4   5   6   6
  1   2   3   4   5   6   7

Head subquiver data for K_47/23
S:
  1  -2  -1  -4  -3  -6  -5  -8  -7 -10  -9 -12 -11 -14 -13 -16 -15 -18 -17 -20 -19 -22

A:
  0  -2  -2  -4  -4  -6  -6  -8  -8 -10 -10 -12 -12 -14 -14 -16 -16 -18 -18 -20 -20 -22

Q:
  1   1   1   1   1   1   1   1   1   1   1   1   1   1   1   1   1   1   1   1   1   1
  1   2   2   2   2   2   2   2   2   2   2   2   2   2   2   2   2   2   2   2   2   2
  1   2   3   3   3   3   3   3   3   3   3   3   3   3   3   3   3   3   3   3   3   3
  1   2   3   4   4   4   4   4   4   4   4   4   4   4   4   4   4   4   4   4   4   4
  1   2   3   4   5   5   5   5   5   5   5   5   5   5   5   5   5   5   5   5   5   5
  1   2   3   4   5   6   6   6   6   6   6   6   6   6   6   6   6   6   6   6   6   6
  1   2   3   4   5   6   7   7   7   7   7   7   7   7   7   7   7   7   7   7   7   7
  1   2   3   4   5   6   7   8   8   8   8   8   8   8   8   8   8   8   8   8   8   8
  1   2   3   4   5   6   7   8   9   9   9   9   9   9   9   9   9   9   9   9   9   9
  1   2   3   4   5   6   7   8   9  10  10  10  10  10  10  10  10  10  10  10  10  10
  1   2   3   4   5   6   7   8   9  10  11  11  11  11  11  11  11  11  11  11  11  11
  1   2   3   4   5   6   7   8   9  10  11  12  12  12  12  12  12  12  12  12  12  12
  1   2   3   4   5   6   7   8   9  10  11  12  13  13  13  13  13  13  13  13  13  13
  1   2   3   4   5   6   7   8   9  10  11  12  13  14  14  14  14  14  14  14  14  14
  1   2   3   4   5   6   7   8   9  10  11  12  13  14  15  15  15  15  15  15  15  15
  1   2   3   4   5   6   7   8   9  10  11  12  13  14  15  16  16  16  16  16  16  16
  1   2   3   4   5   6   7   8   9  10  11  12  13  14  15  16  17  17  17  17  17  17
  1   2   3   4   5   6   7   8   9  10  11  12  13  14  15  16  17  18  18  18  18  18
  1   2   3   4   5   6   7   8   9  10  11  12  13  14  15  16  17  18  19  19  19  19
  1   2   3   4   5   6   7   8   9  10  11  12  13  14  15  16  17  18  19  20  20  20
  1   2   3   4   5   6   7   8   9  10  11  12  13  14  15  16  17  18  19  20  21  21
  1   2   3   4   5   6   7   8   9  10  11  12  13  14  15  16  17  18  19  20  21  22

Head subquiver data for K_47/27
S:
 -3   1  -2

A:
 -2   0  -2

Q:
  1   1   1
  1   1   1
  1   1   2

Head subquiver data for K_47/29
S:
 -3   1   1   2

A:
 -2   0   0   0

Q:
  1   0   0   0
  0   1   1   1
  0   1   1   1
  0   1   1   2

Head subquiver data for K_47/30
S:
 -3   1  -2  -2  -5  -1  -4

A:
 -2   0  -2  -2  -4  -2  -4

Q:
  1   1   1   1   1   1   1
  1   1   1   1   1   1   1
  1   1   2   2   2   2   2
  1   1   2   2   2   2   2
  1   1   2   2   3   3   3
  1   1   2   2   3   3   3
  1   1   2   2   3   3   4

Head subquiver data for K_47/32
S:
 -3   1   2

A:
 -2   0   0

Q:
  1   0   0
  0   1   1
  0   1   2

Head subquiver data for K_47/35
S:
  1  -2   1  -2  -1  -4  -3  -6  -5  -8  -7 -10

A:
  0  -2   0  -2  -2  -4  -4  -6  -6  -8  -8 -10

Q:
  1   1   0   0   0   0   0   0   0   0   0   0
  1   2   0   0   0   0   0   0   0   0   0   0
  0   0   1   1   1   1   1   1   1   1   1   1
  0   0   1   2   2   2   2   2   2   2   2   2
  0   0   1   2   3   3   3   3   3   3   3   3
  0   0   1   2   3   4   4   4   4   4   4   4
  0   0   1   2   3   4   5   5   5   5   5   5
  0   0   1   2   3   4   5   6   6   6   6   6
  0   0   1   2   3   4   5   6   7   7   7   7
  0   0   1   2   3   4   5   6   7   8   8   8
  0   0   1   2   3   4   5   6   7   8   9   9
  0   0   1   2   3   4   5   6   7   8   9  10

Head subquiver data for K_47/36
S:
 -3   1  -2   2

A:
 -2   0  -2   0

Q:
  1   1   1   0
  1   1   1   0
  1   1   2   0
  0   0   0   2

Head subquiver data for K_47/39
S:
  1  -2  -1  -4   1  -2  -1  -4  -3  -6

A:
  0  -2  -2  -4   0  -2  -2  -4  -4  -6

Q:
  1   1   1   1   0   0   0   0   0   0
  1   2   2   2   0   0   0   0   0   0
  1   2   3   3   0   0   0   0   0   0
  1   2   3   4   0   0   0   0   0   0
  0   0   0   0   1   1   1   1   1   1
  0   0   0   0   1   2   2   2   2   2
  0   0   0   0   1   2   3   3   3   3
  0   0   0   0   1   2   3   4   4   4
  0   0   0   0   1   2   3   4   5   5
  0   0   0   0   1   2   3   4   5   6

Head subquiver data for K_47/41
S:
  1  -2  -1  -4   1  -2  -1  -4  -3  -6

A:
  0  -2  -2  -4   0  -2  -2  -4  -4  -6

Q:
  1   1   1   1   0   0   0   0   0   0
  1   2   2   2   0   0   0   0   0   0
  1   2   3   3   0   0   0   0   0   0
  1   2   3   4   0   0   0   0   0   0
  0   0   0   0   1   1   1   1   1   1
  0   0   0   0   1   2   2   2   2   2
  0   0   0   0   1   2   3   3   3   3
  0   0   0   0   1   2   3   4   4   4
  0   0   0   0   1   2   3   4   5   5
  0   0   0   0   1   2   3   4   5   6

Head subquiver data for K_47/43
S:
  1  -2   1  -2  -1  -4  -3  -6  -5  -8  -7 -10

A:
  0  -2   0  -2  -2  -4  -4  -6  -6  -8  -8 -10

Q:
  1   1   0   0   0   0   0   0   0   0   0   0
  1   2   0   0   0   0   0   0   0   0   0   0
  0   0   1   1   1   1   1   1   1   1   1   1
  0   0   1   2   2   2   2   2   2   2   2   2
  0   0   1   2   3   3   3   3   3   3   3   3
  0   0   1   2   3   4   4   4   4   4   4   4
  0   0   1   2   3   4   5   5   5   5   5   5
  0   0   1   2   3   4   5   6   6   6   6   6
  0   0   1   2   3   4   5   6   7   7   7   7
  0   0   1   2   3   4   5   6   7   8   8   8
  0   0   1   2   3   4   5   6   7   8   9   9
  0   0   1   2   3   4   5   6   7   8   9  10

Head subquiver data for K_47/44
S:
 -3   1   2   3   4   5   6   7   8   9  10  11  12  13  14

A:
 -2   0   0   0   0   0   0   0   0   0   0   0   0   0   0

Q:
  1   0   0   0   0   0   0   0   0   0   0   0   0   0   0
  0   1   1   1   1   1   1   1   1   1   1   1   1   1   1
  0   1   2   2   2   2   2   2   2   2   2   2   2   2   2
  0   1   2   3   3   3   3   3   3   3   3   3   3   3   3
  0   1   2   3   4   4   4   4   4   4   4   4   4   4   4
  0   1   2   3   4   5   5   5   5   5   5   5   5   5   5
  0   1   2   3   4   5   6   6   6   6   6   6   6   6   6
  0   1   2   3   4   5   6   7   7   7   7   7   7   7   7
  0   1   2   3   4   5   6   7   8   8   8   8   8   8   8
  0   1   2   3   4   5   6   7   8   9   9   9   9   9   9
  0   1   2   3   4   5   6   7   8   9  10  10  10  10  10
  0   1   2   3   4   5   6   7   8   9  10  11  11  11  11
  0   1   2   3   4   5   6   7   8   9  10  11  12  12  12
  0   1   2   3   4   5   6   7   8   9  10  11  12  13  13
  0   1   2   3   4   5   6   7   8   9  10  11  12  13  14

Head subquiver data for K_47/45
S:
  1  -2  -1  -4  -3  -6  -5  -8  -7 -10  -9 -12 -11 -14 -13 -16 -15 -18 -17 -20 -19 -22

A:
  0  -2  -2  -4  -4  -6  -6  -8  -8 -10 -10 -12 -12 -14 -14 -16 -16 -18 -18 -20 -20 -22

Q:
  1   1   1   1   1   1   1   1   1   1   1   1   1   1   1   1   1   1   1   1   1   1
  1   2   2   2   2   2   2   2   2   2   2   2   2   2   2   2   2   2   2   2   2   2
  1   2   3   3   3   3   3   3   3   3   3   3   3   3   3   3   3   3   3   3   3   3
  1   2   3   4   4   4   4   4   4   4   4   4   4   4   4   4   4   4   4   4   4   4
  1   2   3   4   5   5   5   5   5   5   5   5   5   5   5   5   5   5   5   5   5   5
  1   2   3   4   5   6   6   6   6   6   6   6   6   6   6   6   6   6   6   6   6   6
  1   2   3   4   5   6   7   7   7   7   7   7   7   7   7   7   7   7   7   7   7   7
  1   2   3   4   5   6   7   8   8   8   8   8   8   8   8   8   8   8   8   8   8   8
  1   2   3   4   5   6   7   8   9   9   9   9   9   9   9   9   9   9   9   9   9   9
  1   2   3   4   5   6   7   8   9  10  10  10  10  10  10  10  10  10  10  10  10  10
  1   2   3   4   5   6   7   8   9  10  11  11  11  11  11  11  11  11  11  11  11  11
  1   2   3   4   5   6   7   8   9  10  11  12  12  12  12  12  12  12  12  12  12  12
  1   2   3   4   5   6   7   8   9  10  11  12  13  13  13  13  13  13  13  13  13  13
  1   2   3   4   5   6   7   8   9  10  11  12  13  14  14  14  14  14  14  14  14  14
  1   2   3   4   5   6   7   8   9  10  11  12  13  14  15  15  15  15  15  15  15  15
  1   2   3   4   5   6   7   8   9  10  11  12  13  14  15  16  16  16  16  16  16  16
  1   2   3   4   5   6   7   8   9  10  11  12  13  14  15  16  17  17  17  17  17  17
  1   2   3   4   5   6   7   8   9  10  11  12  13  14  15  16  17  18  18  18  18  18
  1   2   3   4   5   6   7   8   9  10  11  12  13  14  15  16  17  18  19  19  19  19
  1   2   3   4   5   6   7   8   9  10  11  12  13  14  15  16  17  18  19  20  20  20
  1   2   3   4   5   6   7   8   9  10  11  12  13  14  15  16  17  18  19  20  21  21
  1   2   3   4   5   6   7   8   9  10  11  12  13  14  15  16  17  18  19  20  21  22

Head subquiver data for K_49/1
S:


A:


Q:

Head subquiver data for K_49/2
S:
 -3

A:
 -2

Q:
  1

Head subquiver data for K_49/3
S:
  1  -2

A:
  0  -2

Q:
  1   1
  1   2

Head subquiver data for K_49/4
S:
 -3  -2  -5

A:
 -2  -2  -4

Q:
  1   1   1
  1   2   2
  1   2   3

Head subquiver data for K_49/6
S:
 -3  -2  -5  -4  -7

A:
 -2  -2  -4  -4  -6

Q:
  1   1   1   1   1
  1   2   2   2   2
  1   2   3   3   3
  1   2   3   4   4
  1   2   3   4   5

Head subquiver data for K_49/8
S:
 -3  -2  -5  -4  -7  -6  -9

A:
 -2  -2  -4  -4  -6  -6  -8

Q:
  1   1   1   1   1   1   1
  1   2   2   2   2   2   2
  1   2   3   3   3   3   3
  1   2   3   4   4   4   4
  1   2   3   4   5   5   5
  1   2   3   4   5   6   6
  1   2   3   4   5   6   7

Head subquiver data for K_49/9
S:
  1  -2

A:
  0  -2

Q:
  1   1
  1   2

Head subquiver data for K_49/10
S:
 -3

A:
 -2

Q:
  1

Head subquiver data for K_49/11
S:
  1  -2

A:
  0  -2

Q:
  1   1
  1   2

Head subquiver data for K_49/12
S:
 -3  -2  -5  -4  -7  -6  -9  -8 -11 -10 -13

A:
 -2  -2  -4  -4  -6  -6  -8  -8 -10 -10 -12

Q:
  1   1   1   1   1   1   1   1   1   1   1
  1   2   2   2   2   2   2   2   2   2   2
  1   2   3   3   3   3   3   3   3   3   3
  1   2   3   4   4   4   4   4   4   4   4
  1   2   3   4   5   5   5   5   5   5   5
  1   2   3   4   5   6   6   6   6   6   6
  1   2   3   4   5   6   7   7   7   7   7
  1   2   3   4   5   6   7   8   8   8   8
  1   2   3   4   5   6   7   8   9   9   9
  1   2   3   4   5   6   7   8   9  10  10
  1   2   3   4   5   6   7   8   9  10  11

Head subquiver data for K_49/19
S:
  1   2   1  -3  -2

A:
  0   0   0  -2  -2

Q:
  1   1   0   0   0
  1   2   0   0   0
  0   0   1   1   1
  0   0   1   1   1
  0   0   1   1   2

Head subquiver data for K_49/20
S:
 -3  -3  -2  -6  -5

A:
 -2  -2  -2  -4  -4

Q:
  1   1   1   1   1
  1   1   1   1   1
  1   1   2   2   2
  1   1   2   2   2
  1   1   2   2   3

Head subquiver data for K_49/22
S:
 -3  -3  -2  -6  -5  -5  -4  -8  -7

A:
 -2  -2  -2  -4  -4  -4  -4  -6  -6

Q:
  1   1   1   1   1   1   1   1   1
  1   1   1   1   1   1   1   1   1
  1   1   2   2   2   2   2   2   2
  1   1   2   2   2   2   2   2   2
  1   1   2   2   3   3   3   3   3
  1   1   2   2   3   3   3   3   3
  1   1   2   2   3   3   4   4   4
  1   1   2   2   3   3   4   4   4
  1   1   2   2   3   3   4   4   5

Head subquiver data for K_49/24
S:
 -3  -2  -5  -4  -7  -6  -9  -8 -11 -10 -13 -12 -15 -14 -17 -16 -19 -18 -21 -20 -23 -22 -25

A:
 -2  -2  -4  -4  -6  -6  -8  -8 -10 -10 -12 -12 -14 -14 -16 -16 -18 -18 -20 -20 -22 -22 -24

Q:
  1   1   1   1   1   1   1   1   1   1   1   1   1   1   1   1   1   1   1   1   1   1   1
  1   2   2   2   2   2   2   2   2   2   2   2   2   2   2   2   2   2   2   2   2   2   2
  1   2   3   3   3   3   3   3   3   3   3   3   3   3   3   3   3   3   3   3   3   3   3
  1   2   3   4   4   4   4   4   4   4   4   4   4   4   4   4   4   4   4   4   4   4   4
  1   2   3   4   5   5   5   5   5   5   5   5   5   5   5   5   5   5   5   5   5   5   5
  1   2   3   4   5   6   6   6   6   6   6   6   6   6   6   6   6   6   6   6   6   6   6
  1   2   3   4   5   6   7   7   7   7   7   7   7   7   7   7   7   7   7   7   7   7   7
  1   2   3   4   5   6   7   8   8   8   8   8   8   8   8   8   8   8   8   8   8   8   8
  1   2   3   4   5   6   7   8   9   9   9   9   9   9   9   9   9   9   9   9   9   9   9
  1   2   3   4   5   6   7   8   9  10  10  10  10  10  10  10  10  10  10  10  10  10  10
  1   2   3   4   5   6   7   8   9  10  11  11  11  11  11  11  11  11  11  11  11  11  11
  1   2   3   4   5   6   7   8   9  10  11  12  12  12  12  12  12  12  12  12  12  12  12
  1   2   3   4   5   6   7   8   9  10  11  12  13  13  13  13  13  13  13  13  13  13  13
  1   2   3   4   5   6   7   8   9  10  11  12  13  14  14  14  14  14  14  14  14  14  14
  1   2   3   4   5   6   7   8   9  10  11  12  13  14  15  15  15  15  15  15  15  15  15
  1   2   3   4   5   6   7   8   9  10  11  12  13  14  15  16  16  16  16  16  16  16  16
  1   2   3   4   5   6   7   8   9  10  11  12  13  14  15  16  17  17  17  17  17  17  17
  1   2   3   4   5   6   7   8   9  10  11  12  13  14  15  16  17  18  18  18  18  18  18
  1   2   3   4   5   6   7   8   9  10  11  12  13  14  15  16  17  18  19  19  19  19  19
  1   2   3   4   5   6   7   8   9  10  11  12  13  14  15  16  17  18  19  20  20  20  20
  1   2   3   4   5   6   7   8   9  10  11  12  13  14  15  16  17  18  19  20  21  21  21
  1   2   3   4   5   6   7   8   9  10  11  12  13  14  15  16  17  18  19  20  21  22  22
  1   2   3   4   5   6   7   8   9  10  11  12  13  14  15  16  17  18  19  20  21  22  23

Head subquiver data for K_49/26
S:
 -3   1  -2

A:
 -2   0  -2

Q:
  1   1   1
  1   1   1
  1   1   2

Head subquiver data for K_49/31
S:
  1   2  -3   1  -2

A:
  0   0  -2   0  -2

Q:
  1   1   0   0   0
  1   2   0   0   0
  0   0   1   1   1
  0   0   1   1   1
  0   0   1   1   2

Head subquiver data for K_49/32
S:
 -3   1  -2  -2  -5  -1  -4  -4  -7  -3  -6  -6  -9  -5  -8

A:
 -2   0  -2  -2  -4  -2  -4  -4  -6  -4  -6  -6  -8  -6  -8

Q:
  1   1   1   1   1   1   1   1   1   1   1   1   1   1   1
  1   1   1   1   1   1   1   1   1   1   1   1   1   1   1
  1   1   2   2   2   2   2   2   2   2   2   2   2   2   2
  1   1   2   2   2   2   2   2   2   2   2   2   2   2   2
  1   1   2   2   3   3   3   3   3   3   3   3   3   3   3
  1   1   2   2   3   3   3   3   3   3   3   3   3   3   3
  1   1   2   2   3   3   4   4   4   4   4   4   4   4   4
  1   1   2   2   3   3   4   4   4   4   4   4   4   4   4
  1   1   2   2   3   3   4   4   5   5   5   5   5   5   5
  1   1   2   2   3   3   4   4   5   5   5   5   5   5   5
  1   1   2   2   3   3   4   4   5   5   6   6   6   6   6
  1   1   2   2   3   3   4   4   5   5   6   6   6   6   6
  1   1   2   2   3   3   4   4   5   5   6   6   7   7   7
  1   1   2   2   3   3   4   4   5   5   6   6   7   7   7
  1   1   2   2   3   3   4   4   5   5   6   6   7   7   8

Head subquiver data for K_49/33
S:
  1  -2

A:
  0  -2

Q:
  1   1
  1   2

Head subquiver data for K_49/34
S:
 -3   1   2

A:
 -2   0   0

Q:
  1   0   0
  0   1   1
  0   1   2

Head subquiver data for K_49/36
S:
  1   2  -3  -2  -5

A:
  0   0  -2  -2  -4

Q:
  1   1   0   0   0
  1   2   0   0   0
  0   0   1   1   1
  0   0   1   2   2
  0   0   1   2   3

Head subquiver data for K_49/44
S:
 -3  -2  -5   1   2   3   4   5   6   7   8

A:
 -2  -2  -4   0   0   0   0   0   0   0   0

Q:
  1   1   1   0   0   0   0   0   0   0   0
  1   2   2   0   0   0   0   0   0   0   0
  1   2   3   0   0   0   0   0   0   0   0
  0   0   0   1   1   1   1   1   1   1   1
  0   0   0   1   2   2   2   2   2   2   2
  0   0   0   1   2   3   3   3   3   3   3
  0   0   0   1   2   3   4   4   4   4   4
  0   0   0   1   2   3   4   5   5   5   5
  0   0   0   1   2   3   4   5   6   6   6
  0   0   0   1   2   3   4   5   6   7   7
  0   0   0   1   2   3   4   5   6   7   8

